/*--------------------------------*- C++ -*----------------------------------*\
| =========                 |                                                 |
| \\      /  F ield         | OpenFOAM: The Open Source CFD Toolbox           |
|  \\    /   O peration     | Version:  2.1.1                                 |
|   \\  /    A nd           | Web:      www.OpenFOAM.org                      |
|    \\/     M anipulation  |                                                 |
\*---------------------------------------------------------------------------*/
FoamFile
{
    version     2.0;
    format      ascii;
    class       vectorField;
    location    "constant/polyMesh";
    object      points;
}
// * * * * * * * * * * * * * * * * * * * * * * * * * * * * * * * * * * * * * //


3362
(
(0 0 0)
(0.0025 0 0)
(0.005 0 0)
(0.0075 0 0)
(0.01 0 0)
(0.0125 0 0)
(0.015 0 0)
(0.0175 0 0)
(0.02 0 0)
(0.0225 0 0)
(0.025 0 0)
(0.0275 0 0)
(0.03 0 0)
(0.0325 0 0)
(0.035 0 0)
(0.0375 0 0)
(0.04 0 0)
(0.0425 0 0)
(0.045 0 0)
(0.0475 0 0)
(0.05 0 0)
(0.0525 0 0)
(0.055 0 0)
(0.0575 0 0)
(0.06 0 0)
(0.0625 0 0)
(0.065 0 0)
(0.0675 0 0)
(0.07 0 0)
(0.0725 0 0)
(0.075 0 0)
(0.0775 0 0)
(0.08 0 0)
(0.0825 0 0)
(0.085 0 0)
(0.0875 0 0)
(0.09 0 0)
(0.0925 0 0)
(0.095 0 0)
(0.0975 0 0)
(0.1 0 0)
(0.001767775 0.001767775 0)
(0.004267775 0.001767775 0)
(0.006767775 0.001767775 0)
(0.009267775 0.001767775 0)
(0.011767775 0.001767775 0)
(0.014267775 0.001767775 0)
(0.016767775 0.001767775 0)
(0.019267775 0.001767775 0)
(0.021767775 0.001767775 0)
(0.024267775 0.001767775 0)
(0.026767775 0.001767775 0)
(0.029267775 0.001767775 0)
(0.031767775 0.001767775 0)
(0.034267775 0.001767775 0)
(0.036767775 0.001767775 0)
(0.039267775 0.001767775 0)
(0.041767775 0.001767775 0)
(0.044267775 0.001767775 0)
(0.046767775 0.001767775 0)
(0.049267775 0.001767775 0)
(0.051767775 0.001767775 0)
(0.054267775 0.001767775 0)
(0.056767775 0.001767775 0)
(0.059267775 0.001767775 0)
(0.061767775 0.001767775 0)
(0.064267775 0.001767775 0)
(0.066767775 0.001767775 0)
(0.069267775 0.001767775 0)
(0.071767775 0.001767775 0)
(0.074267775 0.001767775 0)
(0.076767775 0.001767775 0)
(0.079267775 0.001767775 0)
(0.081767775 0.001767775 0)
(0.084267775 0.001767775 0)
(0.086767775 0.001767775 0)
(0.089267775 0.001767775 0)
(0.091767775 0.001767775 0)
(0.094267775 0.001767775 0)
(0.096767775 0.001767775 0)
(0.099267775 0.001767775 0)
(0.101767775 0.001767775 0)
(0.00353555 0.00353555 0)
(0.00603555 0.00353555 0)
(0.00853555 0.00353555 0)
(0.01103555 0.00353555 0)
(0.01353555 0.00353555 0)
(0.01603555 0.00353555 0)
(0.01853555 0.00353555 0)
(0.02103555 0.00353555 0)
(0.02353555 0.00353555 0)
(0.02603555 0.00353555 0)
(0.02853555 0.00353555 0)
(0.03103555 0.00353555 0)
(0.03353555 0.00353555 0)
(0.03603555 0.00353555 0)
(0.03853555 0.00353555 0)
(0.04103555 0.00353555 0)
(0.04353555 0.00353555 0)
(0.04603555 0.00353555 0)
(0.04853555 0.00353555 0)
(0.05103555 0.00353555 0)
(0.05353555 0.00353555 0)
(0.05603555 0.00353555 0)
(0.05853555 0.00353555 0)
(0.06103555 0.00353555 0)
(0.06353555 0.00353555 0)
(0.06603555 0.00353555 0)
(0.06853555 0.00353555 0)
(0.07103555 0.00353555 0)
(0.07353555 0.00353555 0)
(0.07603555 0.00353555 0)
(0.07853555 0.00353555 0)
(0.08103555 0.00353555 0)
(0.08353555 0.00353555 0)
(0.08603555 0.00353555 0)
(0.08853555 0.00353555 0)
(0.09103555 0.00353555 0)
(0.09353555 0.00353555 0)
(0.09603555 0.00353555 0)
(0.09853555 0.00353555 0)
(0.10103555 0.00353555 0)
(0.10353555 0.00353555 0)
(0.005303325 0.005303325 0)
(0.007803325 0.005303325 0)
(0.010303325 0.005303325 0)
(0.012803325 0.005303325 0)
(0.015303325 0.005303325 0)
(0.017803325 0.005303325 0)
(0.020303325 0.005303325 0)
(0.022803325 0.005303325 0)
(0.025303325 0.005303325 0)
(0.027803325 0.005303325 0)
(0.030303325 0.005303325 0)
(0.032803325 0.005303325 0)
(0.035303325 0.005303325 0)
(0.037803325 0.005303325 0)
(0.040303325 0.005303325 0)
(0.042803325 0.005303325 0)
(0.045303325 0.005303325 0)
(0.047803325 0.005303325 0)
(0.050303325 0.005303325 0)
(0.052803325 0.005303325 0)
(0.055303325 0.005303325 0)
(0.057803325 0.005303325 0)
(0.060303325 0.005303325 0)
(0.062803325 0.005303325 0)
(0.065303325 0.005303325 0)
(0.067803325 0.005303325 0)
(0.070303325 0.005303325 0)
(0.072803325 0.005303325 0)
(0.075303325 0.005303325 0)
(0.077803325 0.005303325 0)
(0.080303325 0.005303325 0)
(0.082803325 0.005303325 0)
(0.085303325 0.005303325 0)
(0.087803325 0.005303325 0)
(0.090303325 0.005303325 0)
(0.092803325 0.005303325 0)
(0.095303325 0.005303325 0)
(0.097803325 0.005303325 0)
(0.100303325 0.005303325 0)
(0.102803325 0.005303325 0)
(0.105303325 0.005303325 0)
(0.0070711 0.0070711 0)
(0.0095711 0.0070711 0)
(0.0120711 0.0070711 0)
(0.0145711 0.0070711 0)
(0.0170711 0.0070711 0)
(0.0195711 0.0070711 0)
(0.0220711 0.0070711 0)
(0.0245711 0.0070711 0)
(0.0270711 0.0070711 0)
(0.0295711 0.0070711 0)
(0.0320711 0.0070711 0)
(0.0345711 0.0070711 0)
(0.0370711 0.0070711 0)
(0.0395711 0.0070711 0)
(0.0420711 0.0070711 0)
(0.0445711 0.0070711 0)
(0.0470711 0.0070711 0)
(0.0495711 0.0070711 0)
(0.0520711 0.0070711 0)
(0.0545711 0.0070711 0)
(0.0570711 0.0070711 0)
(0.0595711 0.0070711 0)
(0.0620711 0.0070711 0)
(0.0645711 0.0070711 0)
(0.0670711 0.0070711 0)
(0.0695711 0.0070711 0)
(0.0720711 0.0070711 0)
(0.0745711 0.0070711 0)
(0.0770711 0.0070711 0)
(0.0795711 0.0070711 0)
(0.0820711 0.0070711 0)
(0.0845711 0.0070711 0)
(0.0870711 0.0070711 0)
(0.0895711 0.0070711 0)
(0.0920711 0.0070711 0)
(0.0945711 0.0070711 0)
(0.0970711 0.0070711 0)
(0.0995711 0.0070711 0)
(0.1020711 0.0070711 0)
(0.1045711 0.0070711 0)
(0.1070711 0.0070711 0)
(0.008838875 0.008838875 0)
(0.011338875 0.008838875 0)
(0.013838875 0.008838875 0)
(0.016338875 0.008838875 0)
(0.018838875 0.008838875 0)
(0.021338875 0.008838875 0)
(0.023838875 0.008838875 0)
(0.026338875 0.008838875 0)
(0.028838875 0.008838875 0)
(0.031338875 0.008838875 0)
(0.033838875 0.008838875 0)
(0.036338875 0.008838875 0)
(0.038838875 0.008838875 0)
(0.041338875 0.008838875 0)
(0.043838875 0.008838875 0)
(0.046338875 0.008838875 0)
(0.048838875 0.008838875 0)
(0.051338875 0.008838875 0)
(0.053838875 0.008838875 0)
(0.056338875 0.008838875 0)
(0.058838875 0.008838875 0)
(0.061338875 0.008838875 0)
(0.063838875 0.008838875 0)
(0.066338875 0.008838875 0)
(0.068838875 0.008838875 0)
(0.071338875 0.008838875 0)
(0.073838875 0.008838875 0)
(0.076338875 0.008838875 0)
(0.078838875 0.008838875 0)
(0.081338875 0.008838875 0)
(0.083838875 0.008838875 0)
(0.086338875 0.008838875 0)
(0.088838875 0.008838875 0)
(0.091338875 0.008838875 0)
(0.093838875 0.008838875 0)
(0.096338875 0.008838875 0)
(0.098838875 0.008838875 0)
(0.101338875 0.008838875 0)
(0.103838875 0.008838875 0)
(0.106338875 0.008838875 0)
(0.108838875 0.008838875 0)
(0.01060665 0.01060665 0)
(0.01310665 0.01060665 0)
(0.01560665 0.01060665 0)
(0.01810665 0.01060665 0)
(0.02060665 0.01060665 0)
(0.02310665 0.01060665 0)
(0.02560665 0.01060665 0)
(0.02810665 0.01060665 0)
(0.03060665 0.01060665 0)
(0.03310665 0.01060665 0)
(0.03560665 0.01060665 0)
(0.03810665 0.01060665 0)
(0.04060665 0.01060665 0)
(0.04310665 0.01060665 0)
(0.04560665 0.01060665 0)
(0.04810665 0.01060665 0)
(0.05060665 0.01060665 0)
(0.05310665 0.01060665 0)
(0.05560665 0.01060665 0)
(0.05810665 0.01060665 0)
(0.06060665 0.01060665 0)
(0.06310665 0.01060665 0)
(0.06560665 0.01060665 0)
(0.06810665 0.01060665 0)
(0.07060665 0.01060665 0)
(0.07310665 0.01060665 0)
(0.07560665 0.01060665 0)
(0.07810665 0.01060665 0)
(0.08060665 0.01060665 0)
(0.08310665 0.01060665 0)
(0.08560665 0.01060665 0)
(0.08810665 0.01060665 0)
(0.09060665 0.01060665 0)
(0.09310665 0.01060665 0)
(0.09560665 0.01060665 0)
(0.09810665 0.01060665 0)
(0.10060665 0.01060665 0)
(0.10310665 0.01060665 0)
(0.10560665 0.01060665 0)
(0.10810665 0.01060665 0)
(0.11060665 0.01060665 0)
(0.012374425 0.012374425 0)
(0.014874425 0.012374425 0)
(0.017374425 0.012374425 0)
(0.019874425 0.012374425 0)
(0.022374425 0.012374425 0)
(0.024874425 0.012374425 0)
(0.027374425 0.012374425 0)
(0.029874425 0.012374425 0)
(0.032374425 0.012374425 0)
(0.034874425 0.012374425 0)
(0.037374425 0.012374425 0)
(0.039874425 0.012374425 0)
(0.042374425 0.012374425 0)
(0.044874425 0.012374425 0)
(0.047374425 0.012374425 0)
(0.049874425 0.012374425 0)
(0.052374425 0.012374425 0)
(0.054874425 0.012374425 0)
(0.057374425 0.012374425 0)
(0.059874425 0.012374425 0)
(0.062374425 0.012374425 0)
(0.064874425 0.012374425 0)
(0.067374425 0.012374425 0)
(0.069874425 0.012374425 0)
(0.072374425 0.012374425 0)
(0.074874425 0.012374425 0)
(0.077374425 0.012374425 0)
(0.079874425 0.012374425 0)
(0.082374425 0.012374425 0)
(0.084874425 0.012374425 0)
(0.087374425 0.012374425 0)
(0.089874425 0.012374425 0)
(0.092374425 0.012374425 0)
(0.094874425 0.012374425 0)
(0.097374425 0.012374425 0)
(0.099874425 0.012374425 0)
(0.102374425 0.012374425 0)
(0.104874425 0.012374425 0)
(0.107374425 0.012374425 0)
(0.109874425 0.012374425 0)
(0.112374425 0.012374425 0)
(0.0141422 0.0141422 0)
(0.0166422 0.0141422 0)
(0.0191422 0.0141422 0)
(0.0216422 0.0141422 0)
(0.0241422 0.0141422 0)
(0.0266422 0.0141422 0)
(0.0291422 0.0141422 0)
(0.0316422 0.0141422 0)
(0.0341422 0.0141422 0)
(0.0366422 0.0141422 0)
(0.0391422 0.0141422 0)
(0.0416422 0.0141422 0)
(0.0441422 0.0141422 0)
(0.0466422 0.0141422 0)
(0.0491422 0.0141422 0)
(0.0516422 0.0141422 0)
(0.0541422 0.0141422 0)
(0.0566422 0.0141422 0)
(0.0591422 0.0141422 0)
(0.0616422 0.0141422 0)
(0.0641422 0.0141422 0)
(0.0666422 0.0141422 0)
(0.0691422 0.0141422 0)
(0.0716422 0.0141422 0)
(0.0741422 0.0141422 0)
(0.0766422 0.0141422 0)
(0.0791422 0.0141422 0)
(0.0816422 0.0141422 0)
(0.0841422 0.0141422 0)
(0.0866422 0.0141422 0)
(0.0891422 0.0141422 0)
(0.0916422 0.0141422 0)
(0.0941422 0.0141422 0)
(0.0966422 0.0141422 0)
(0.0991422 0.0141422 0)
(0.1016422 0.0141422 0)
(0.1041422 0.0141422 0)
(0.1066422 0.0141422 0)
(0.1091422 0.0141422 0)
(0.1116422 0.0141422 0)
(0.1141422 0.0141422 0)
(0.015909975 0.015909975 0)
(0.018409975 0.015909975 0)
(0.020909975 0.015909975 0)
(0.023409975 0.015909975 0)
(0.025909975 0.015909975 0)
(0.028409975 0.015909975 0)
(0.030909975 0.015909975 0)
(0.033409975 0.015909975 0)
(0.035909975 0.015909975 0)
(0.038409975 0.015909975 0)
(0.040909975 0.015909975 0)
(0.043409975 0.015909975 0)
(0.045909975 0.015909975 0)
(0.048409975 0.015909975 0)
(0.050909975 0.015909975 0)
(0.053409975 0.015909975 0)
(0.055909975 0.015909975 0)
(0.058409975 0.015909975 0)
(0.060909975 0.015909975 0)
(0.063409975 0.015909975 0)
(0.065909975 0.015909975 0)
(0.068409975 0.015909975 0)
(0.070909975 0.015909975 0)
(0.073409975 0.015909975 0)
(0.075909975 0.015909975 0)
(0.078409975 0.015909975 0)
(0.080909975 0.015909975 0)
(0.083409975 0.015909975 0)
(0.085909975 0.015909975 0)
(0.088409975 0.015909975 0)
(0.090909975 0.015909975 0)
(0.093409975 0.015909975 0)
(0.095909975 0.015909975 0)
(0.098409975 0.015909975 0)
(0.100909975 0.015909975 0)
(0.103409975 0.015909975 0)
(0.105909975 0.015909975 0)
(0.108409975 0.015909975 0)
(0.110909975 0.015909975 0)
(0.113409975 0.015909975 0)
(0.115909975 0.015909975 0)
(0.01767775 0.01767775 0)
(0.02017775 0.01767775 0)
(0.02267775 0.01767775 0)
(0.02517775 0.01767775 0)
(0.02767775 0.01767775 0)
(0.03017775 0.01767775 0)
(0.03267775 0.01767775 0)
(0.03517775 0.01767775 0)
(0.03767775 0.01767775 0)
(0.04017775 0.01767775 0)
(0.04267775 0.01767775 0)
(0.04517775 0.01767775 0)
(0.04767775 0.01767775 0)
(0.05017775 0.01767775 0)
(0.05267775 0.01767775 0)
(0.05517775 0.01767775 0)
(0.05767775 0.01767775 0)
(0.06017775 0.01767775 0)
(0.06267775 0.01767775 0)
(0.06517775 0.01767775 0)
(0.06767775 0.01767775 0)
(0.07017775 0.01767775 0)
(0.07267775 0.01767775 0)
(0.07517775 0.01767775 0)
(0.07767775 0.01767775 0)
(0.08017775 0.01767775 0)
(0.08267775 0.01767775 0)
(0.08517775 0.01767775 0)
(0.08767775 0.01767775 0)
(0.09017775 0.01767775 0)
(0.09267775 0.01767775 0)
(0.09517775 0.01767775 0)
(0.09767775 0.01767775 0)
(0.10017775 0.01767775 0)
(0.10267775 0.01767775 0)
(0.10517775 0.01767775 0)
(0.10767775 0.01767775 0)
(0.11017775 0.01767775 0)
(0.11267775 0.01767775 0)
(0.11517775 0.01767775 0)
(0.11767775 0.01767775 0)
(0.019445525 0.019445525 0)
(0.021945525 0.019445525 0)
(0.024445525 0.019445525 0)
(0.026945525 0.019445525 0)
(0.029445525 0.019445525 0)
(0.031945525 0.019445525 0)
(0.034445525 0.019445525 0)
(0.036945525 0.019445525 0)
(0.039445525 0.019445525 0)
(0.041945525 0.019445525 0)
(0.044445525 0.019445525 0)
(0.046945525 0.019445525 0)
(0.049445525 0.019445525 0)
(0.051945525 0.019445525 0)
(0.054445525 0.019445525 0)
(0.056945525 0.019445525 0)
(0.059445525 0.019445525 0)
(0.061945525 0.019445525 0)
(0.064445525 0.019445525 0)
(0.066945525 0.019445525 0)
(0.069445525 0.019445525 0)
(0.071945525 0.019445525 0)
(0.074445525 0.019445525 0)
(0.076945525 0.019445525 0)
(0.079445525 0.019445525 0)
(0.081945525 0.019445525 0)
(0.084445525 0.019445525 0)
(0.086945525 0.019445525 0)
(0.089445525 0.019445525 0)
(0.091945525 0.019445525 0)
(0.094445525 0.019445525 0)
(0.096945525 0.019445525 0)
(0.099445525 0.019445525 0)
(0.101945525 0.019445525 0)
(0.104445525 0.019445525 0)
(0.106945525 0.019445525 0)
(0.109445525 0.019445525 0)
(0.111945525 0.019445525 0)
(0.114445525 0.019445525 0)
(0.116945525 0.019445525 0)
(0.119445525 0.019445525 0)
(0.0212133 0.0212133 0)
(0.0237133 0.0212133 0)
(0.0262133 0.0212133 0)
(0.0287133 0.0212133 0)
(0.0312133 0.0212133 0)
(0.0337133 0.0212133 0)
(0.0362133 0.0212133 0)
(0.0387133 0.0212133 0)
(0.0412133 0.0212133 0)
(0.0437133 0.0212133 0)
(0.0462133 0.0212133 0)
(0.0487133 0.0212133 0)
(0.0512133 0.0212133 0)
(0.0537133 0.0212133 0)
(0.0562133 0.0212133 0)
(0.0587133 0.0212133 0)
(0.0612133 0.0212133 0)
(0.0637133 0.0212133 0)
(0.0662133 0.0212133 0)
(0.0687133 0.0212133 0)
(0.0712133 0.0212133 0)
(0.0737133 0.0212133 0)
(0.0762133 0.0212133 0)
(0.0787133 0.0212133 0)
(0.0812133 0.0212133 0)
(0.0837133 0.0212133 0)
(0.0862133 0.0212133 0)
(0.0887133 0.0212133 0)
(0.0912133 0.0212133 0)
(0.0937133 0.0212133 0)
(0.0962133 0.0212133 0)
(0.0987133 0.0212133 0)
(0.1012133 0.0212133 0)
(0.1037133 0.0212133 0)
(0.1062133 0.0212133 0)
(0.1087133 0.0212133 0)
(0.1112133 0.0212133 0)
(0.1137133 0.0212133 0)
(0.1162133 0.0212133 0)
(0.1187133 0.0212133 0)
(0.1212133 0.0212133 0)
(0.022981075 0.022981075 0)
(0.025481075 0.022981075 0)
(0.027981075 0.022981075 0)
(0.030481075 0.022981075 0)
(0.032981075 0.022981075 0)
(0.035481075 0.022981075 0)
(0.037981075 0.022981075 0)
(0.040481075 0.022981075 0)
(0.042981075 0.022981075 0)
(0.045481075 0.022981075 0)
(0.047981075 0.022981075 0)
(0.050481075 0.022981075 0)
(0.052981075 0.022981075 0)
(0.055481075 0.022981075 0)
(0.057981075 0.022981075 0)
(0.060481075 0.022981075 0)
(0.062981075 0.022981075 0)
(0.065481075 0.022981075 0)
(0.067981075 0.022981075 0)
(0.070481075 0.022981075 0)
(0.072981075 0.022981075 0)
(0.075481075 0.022981075 0)
(0.077981075 0.022981075 0)
(0.080481075 0.022981075 0)
(0.082981075 0.022981075 0)
(0.085481075 0.022981075 0)
(0.087981075 0.022981075 0)
(0.090481075 0.022981075 0)
(0.092981075 0.022981075 0)
(0.095481075 0.022981075 0)
(0.097981075 0.022981075 0)
(0.100481075 0.022981075 0)
(0.102981075 0.022981075 0)
(0.105481075 0.022981075 0)
(0.107981075 0.022981075 0)
(0.110481075 0.022981075 0)
(0.112981075 0.022981075 0)
(0.115481075 0.022981075 0)
(0.117981075 0.022981075 0)
(0.120481075 0.022981075 0)
(0.122981075 0.022981075 0)
(0.02474885 0.02474885 0)
(0.02724885 0.02474885 0)
(0.02974885 0.02474885 0)
(0.03224885 0.02474885 0)
(0.03474885 0.02474885 0)
(0.03724885 0.02474885 0)
(0.03974885 0.02474885 0)
(0.04224885 0.02474885 0)
(0.04474885 0.02474885 0)
(0.04724885 0.02474885 0)
(0.04974885 0.02474885 0)
(0.05224885 0.02474885 0)
(0.05474885 0.02474885 0)
(0.05724885 0.02474885 0)
(0.05974885 0.02474885 0)
(0.06224885 0.02474885 0)
(0.06474885 0.02474885 0)
(0.06724885 0.02474885 0)
(0.06974885 0.02474885 0)
(0.07224885 0.02474885 0)
(0.07474885 0.02474885 0)
(0.07724885 0.02474885 0)
(0.07974885 0.02474885 0)
(0.08224885 0.02474885 0)
(0.08474885 0.02474885 0)
(0.08724885 0.02474885 0)
(0.08974885 0.02474885 0)
(0.09224885 0.02474885 0)
(0.09474885 0.02474885 0)
(0.09724885 0.02474885 0)
(0.09974885 0.02474885 0)
(0.10224885 0.02474885 0)
(0.10474885 0.02474885 0)
(0.10724885 0.02474885 0)
(0.10974885 0.02474885 0)
(0.11224885 0.02474885 0)
(0.11474885 0.02474885 0)
(0.11724885 0.02474885 0)
(0.11974885 0.02474885 0)
(0.12224885 0.02474885 0)
(0.12474885 0.02474885 0)
(0.026516625 0.026516625 0)
(0.029016625 0.026516625 0)
(0.031516625 0.026516625 0)
(0.034016625 0.026516625 0)
(0.036516625 0.026516625 0)
(0.039016625 0.026516625 0)
(0.041516625 0.026516625 0)
(0.044016625 0.026516625 0)
(0.046516625 0.026516625 0)
(0.049016625 0.026516625 0)
(0.051516625 0.026516625 0)
(0.054016625 0.026516625 0)
(0.056516625 0.026516625 0)
(0.059016625 0.026516625 0)
(0.061516625 0.026516625 0)
(0.064016625 0.026516625 0)
(0.066516625 0.026516625 0)
(0.069016625 0.026516625 0)
(0.071516625 0.026516625 0)
(0.074016625 0.026516625 0)
(0.076516625 0.026516625 0)
(0.079016625 0.026516625 0)
(0.081516625 0.026516625 0)
(0.084016625 0.026516625 0)
(0.086516625 0.026516625 0)
(0.089016625 0.026516625 0)
(0.091516625 0.026516625 0)
(0.094016625 0.026516625 0)
(0.096516625 0.026516625 0)
(0.099016625 0.026516625 0)
(0.101516625 0.026516625 0)
(0.104016625 0.026516625 0)
(0.106516625 0.026516625 0)
(0.109016625 0.026516625 0)
(0.111516625 0.026516625 0)
(0.114016625 0.026516625 0)
(0.116516625 0.026516625 0)
(0.119016625 0.026516625 0)
(0.121516625 0.026516625 0)
(0.124016625 0.026516625 0)
(0.126516625 0.026516625 0)
(0.0282844 0.0282844 0)
(0.0307844 0.0282844 0)
(0.0332844 0.0282844 0)
(0.0357844 0.0282844 0)
(0.0382844 0.0282844 0)
(0.0407844 0.0282844 0)
(0.0432844 0.0282844 0)
(0.0457844 0.0282844 0)
(0.0482844 0.0282844 0)
(0.0507844 0.0282844 0)
(0.0532844 0.0282844 0)
(0.0557844 0.0282844 0)
(0.0582844 0.0282844 0)
(0.0607844 0.0282844 0)
(0.0632844 0.0282844 0)
(0.0657844 0.0282844 0)
(0.0682844 0.0282844 0)
(0.0707844 0.0282844 0)
(0.0732844 0.0282844 0)
(0.0757844 0.0282844 0)
(0.0782844 0.0282844 0)
(0.0807844 0.0282844 0)
(0.0832844 0.0282844 0)
(0.0857844 0.0282844 0)
(0.0882844 0.0282844 0)
(0.0907844 0.0282844 0)
(0.0932844 0.0282844 0)
(0.0957844 0.0282844 0)
(0.0982844 0.0282844 0)
(0.1007844 0.0282844 0)
(0.1032844 0.0282844 0)
(0.1057844 0.0282844 0)
(0.1082844 0.0282844 0)
(0.1107844 0.0282844 0)
(0.1132844 0.0282844 0)
(0.1157844 0.0282844 0)
(0.1182844 0.0282844 0)
(0.1207844 0.0282844 0)
(0.1232844 0.0282844 0)
(0.1257844 0.0282844 0)
(0.1282844 0.0282844 0)
(0.030052175 0.030052175 0)
(0.032552175 0.030052175 0)
(0.035052175 0.030052175 0)
(0.037552175 0.030052175 0)
(0.040052175 0.030052175 0)
(0.042552175 0.030052175 0)
(0.045052175 0.030052175 0)
(0.047552175 0.030052175 0)
(0.050052175 0.030052175 0)
(0.052552175 0.030052175 0)
(0.055052175 0.030052175 0)
(0.057552175 0.030052175 0)
(0.060052175 0.030052175 0)
(0.062552175 0.030052175 0)
(0.065052175 0.030052175 0)
(0.067552175 0.030052175 0)
(0.070052175 0.030052175 0)
(0.072552175 0.030052175 0)
(0.075052175 0.030052175 0)
(0.077552175 0.030052175 0)
(0.080052175 0.030052175 0)
(0.082552175 0.030052175 0)
(0.085052175 0.030052175 0)
(0.087552175 0.030052175 0)
(0.090052175 0.030052175 0)
(0.092552175 0.030052175 0)
(0.095052175 0.030052175 0)
(0.097552175 0.030052175 0)
(0.100052175 0.030052175 0)
(0.102552175 0.030052175 0)
(0.105052175 0.030052175 0)
(0.107552175 0.030052175 0)
(0.110052175 0.030052175 0)
(0.112552175 0.030052175 0)
(0.115052175 0.030052175 0)
(0.117552175 0.030052175 0)
(0.120052175 0.030052175 0)
(0.122552175 0.030052175 0)
(0.125052175 0.030052175 0)
(0.127552175 0.030052175 0)
(0.130052175 0.030052175 0)
(0.03181995 0.03181995 0)
(0.03431995 0.03181995 0)
(0.03681995 0.03181995 0)
(0.03931995 0.03181995 0)
(0.04181995 0.03181995 0)
(0.04431995 0.03181995 0)
(0.04681995 0.03181995 0)
(0.04931995 0.03181995 0)
(0.05181995 0.03181995 0)
(0.05431995 0.03181995 0)
(0.05681995 0.03181995 0)
(0.05931995 0.03181995 0)
(0.06181995 0.03181995 0)
(0.06431995 0.03181995 0)
(0.06681995 0.03181995 0)
(0.06931995 0.03181995 0)
(0.07181995 0.03181995 0)
(0.07431995 0.03181995 0)
(0.07681995 0.03181995 0)
(0.07931995 0.03181995 0)
(0.08181995 0.03181995 0)
(0.08431995 0.03181995 0)
(0.08681995 0.03181995 0)
(0.08931995 0.03181995 0)
(0.09181995 0.03181995 0)
(0.09431995 0.03181995 0)
(0.09681995 0.03181995 0)
(0.09931995 0.03181995 0)
(0.10181995 0.03181995 0)
(0.10431995 0.03181995 0)
(0.10681995 0.03181995 0)
(0.10931995 0.03181995 0)
(0.11181995 0.03181995 0)
(0.11431995 0.03181995 0)
(0.11681995 0.03181995 0)
(0.11931995 0.03181995 0)
(0.12181995 0.03181995 0)
(0.12431995 0.03181995 0)
(0.12681995 0.03181995 0)
(0.12931995 0.03181995 0)
(0.13181995 0.03181995 0)
(0.033587725 0.033587725 0)
(0.036087725 0.033587725 0)
(0.038587725 0.033587725 0)
(0.041087725 0.033587725 0)
(0.043587725 0.033587725 0)
(0.046087725 0.033587725 0)
(0.048587725 0.033587725 0)
(0.051087725 0.033587725 0)
(0.053587725 0.033587725 0)
(0.056087725 0.033587725 0)
(0.058587725 0.033587725 0)
(0.061087725 0.033587725 0)
(0.063587725 0.033587725 0)
(0.066087725 0.033587725 0)
(0.068587725 0.033587725 0)
(0.071087725 0.033587725 0)
(0.073587725 0.033587725 0)
(0.076087725 0.033587725 0)
(0.078587725 0.033587725 0)
(0.081087725 0.033587725 0)
(0.083587725 0.033587725 0)
(0.086087725 0.033587725 0)
(0.088587725 0.033587725 0)
(0.091087725 0.033587725 0)
(0.093587725 0.033587725 0)
(0.096087725 0.033587725 0)
(0.098587725 0.033587725 0)
(0.101087725 0.033587725 0)
(0.103587725 0.033587725 0)
(0.106087725 0.033587725 0)
(0.108587725 0.033587725 0)
(0.111087725 0.033587725 0)
(0.113587725 0.033587725 0)
(0.116087725 0.033587725 0)
(0.118587725 0.033587725 0)
(0.121087725 0.033587725 0)
(0.123587725 0.033587725 0)
(0.126087725 0.033587725 0)
(0.128587725 0.033587725 0)
(0.131087725 0.033587725 0)
(0.133587725 0.033587725 0)
(0.0353555 0.0353555 0)
(0.0378555 0.0353555 0)
(0.0403555 0.0353555 0)
(0.0428555 0.0353555 0)
(0.0453555 0.0353555 0)
(0.0478555 0.0353555 0)
(0.0503555 0.0353555 0)
(0.0528555 0.0353555 0)
(0.0553555 0.0353555 0)
(0.0578555 0.0353555 0)
(0.0603555 0.0353555 0)
(0.0628555 0.0353555 0)
(0.0653555 0.0353555 0)
(0.0678555 0.0353555 0)
(0.0703555 0.0353555 0)
(0.0728555 0.0353555 0)
(0.0753555 0.0353555 0)
(0.0778555 0.0353555 0)
(0.0803555 0.0353555 0)
(0.0828555 0.0353555 0)
(0.0853555 0.0353555 0)
(0.0878555 0.0353555 0)
(0.0903555 0.0353555 0)
(0.0928555 0.0353555 0)
(0.0953555 0.0353555 0)
(0.0978555 0.0353555 0)
(0.1003555 0.0353555 0)
(0.1028555 0.0353555 0)
(0.1053555 0.0353555 0)
(0.1078555 0.0353555 0)
(0.1103555 0.0353555 0)
(0.1128555 0.0353555 0)
(0.1153555 0.0353555 0)
(0.1178555 0.0353555 0)
(0.1203555 0.0353555 0)
(0.1228555 0.0353555 0)
(0.1253555 0.0353555 0)
(0.1278555 0.0353555 0)
(0.1303555 0.0353555 0)
(0.1328555 0.0353555 0)
(0.1353555 0.0353555 0)
(0.037123275 0.037123275 0)
(0.039623275 0.037123275 0)
(0.042123275 0.037123275 0)
(0.044623275 0.037123275 0)
(0.047123275 0.037123275 0)
(0.049623275 0.037123275 0)
(0.052123275 0.037123275 0)
(0.054623275 0.037123275 0)
(0.057123275 0.037123275 0)
(0.059623275 0.037123275 0)
(0.062123275 0.037123275 0)
(0.064623275 0.037123275 0)
(0.067123275 0.037123275 0)
(0.069623275 0.037123275 0)
(0.072123275 0.037123275 0)
(0.074623275 0.037123275 0)
(0.077123275 0.037123275 0)
(0.079623275 0.037123275 0)
(0.082123275 0.037123275 0)
(0.084623275 0.037123275 0)
(0.087123275 0.037123275 0)
(0.089623275 0.037123275 0)
(0.092123275 0.037123275 0)
(0.094623275 0.037123275 0)
(0.097123275 0.037123275 0)
(0.099623275 0.037123275 0)
(0.102123275 0.037123275 0)
(0.104623275 0.037123275 0)
(0.107123275 0.037123275 0)
(0.109623275 0.037123275 0)
(0.112123275 0.037123275 0)
(0.114623275 0.037123275 0)
(0.117123275 0.037123275 0)
(0.119623275 0.037123275 0)
(0.122123275 0.037123275 0)
(0.124623275 0.037123275 0)
(0.127123275 0.037123275 0)
(0.129623275 0.037123275 0)
(0.132123275 0.037123275 0)
(0.134623275 0.037123275 0)
(0.137123275 0.037123275 0)
(0.03889105 0.03889105 0)
(0.04139105 0.03889105 0)
(0.04389105 0.03889105 0)
(0.04639105 0.03889105 0)
(0.04889105 0.03889105 0)
(0.05139105 0.03889105 0)
(0.05389105 0.03889105 0)
(0.05639105 0.03889105 0)
(0.05889105 0.03889105 0)
(0.06139105 0.03889105 0)
(0.06389105 0.03889105 0)
(0.06639105 0.03889105 0)
(0.06889105 0.03889105 0)
(0.07139105 0.03889105 0)
(0.07389105 0.03889105 0)
(0.07639105 0.03889105 0)
(0.07889105 0.03889105 0)
(0.08139105 0.03889105 0)
(0.08389105 0.03889105 0)
(0.08639105 0.03889105 0)
(0.08889105 0.03889105 0)
(0.09139105 0.03889105 0)
(0.09389105 0.03889105 0)
(0.09639105 0.03889105 0)
(0.09889105 0.03889105 0)
(0.10139105 0.03889105 0)
(0.10389105 0.03889105 0)
(0.10639105 0.03889105 0)
(0.10889105 0.03889105 0)
(0.11139105 0.03889105 0)
(0.11389105 0.03889105 0)
(0.11639105 0.03889105 0)
(0.11889105 0.03889105 0)
(0.12139105 0.03889105 0)
(0.12389105 0.03889105 0)
(0.12639105 0.03889105 0)
(0.12889105 0.03889105 0)
(0.13139105 0.03889105 0)
(0.13389105 0.03889105 0)
(0.13639105 0.03889105 0)
(0.13889105 0.03889105 0)
(0.040658825 0.040658825 0)
(0.043158825 0.040658825 0)
(0.045658825 0.040658825 0)
(0.048158825 0.040658825 0)
(0.050658825 0.040658825 0)
(0.053158825 0.040658825 0)
(0.055658825 0.040658825 0)
(0.058158825 0.040658825 0)
(0.060658825 0.040658825 0)
(0.063158825 0.040658825 0)
(0.065658825 0.040658825 0)
(0.068158825 0.040658825 0)
(0.070658825 0.040658825 0)
(0.073158825 0.040658825 0)
(0.075658825 0.040658825 0)
(0.078158825 0.040658825 0)
(0.080658825 0.040658825 0)
(0.083158825 0.040658825 0)
(0.085658825 0.040658825 0)
(0.088158825 0.040658825 0)
(0.090658825 0.040658825 0)
(0.093158825 0.040658825 0)
(0.095658825 0.040658825 0)
(0.098158825 0.040658825 0)
(0.100658825 0.040658825 0)
(0.103158825 0.040658825 0)
(0.105658825 0.040658825 0)
(0.108158825 0.040658825 0)
(0.110658825 0.040658825 0)
(0.113158825 0.040658825 0)
(0.115658825 0.040658825 0)
(0.118158825 0.040658825 0)
(0.120658825 0.040658825 0)
(0.123158825 0.040658825 0)
(0.125658825 0.040658825 0)
(0.128158825 0.040658825 0)
(0.130658825 0.040658825 0)
(0.133158825 0.040658825 0)
(0.135658825 0.040658825 0)
(0.138158825 0.040658825 0)
(0.140658825 0.040658825 0)
(0.0424266 0.0424266 0)
(0.0449266 0.0424266 0)
(0.0474266 0.0424266 0)
(0.0499266 0.0424266 0)
(0.0524266 0.0424266 0)
(0.0549266 0.0424266 0)
(0.0574266 0.0424266 0)
(0.0599266 0.0424266 0)
(0.0624266 0.0424266 0)
(0.0649266 0.0424266 0)
(0.0674266 0.0424266 0)
(0.0699266 0.0424266 0)
(0.0724266 0.0424266 0)
(0.0749266 0.0424266 0)
(0.0774266 0.0424266 0)
(0.0799266 0.0424266 0)
(0.0824266 0.0424266 0)
(0.0849266 0.0424266 0)
(0.0874266 0.0424266 0)
(0.0899266 0.0424266 0)
(0.0924266 0.0424266 0)
(0.0949266 0.0424266 0)
(0.0974266 0.0424266 0)
(0.0999266 0.0424266 0)
(0.1024266 0.0424266 0)
(0.1049266 0.0424266 0)
(0.1074266 0.0424266 0)
(0.1099266 0.0424266 0)
(0.1124266 0.0424266 0)
(0.1149266 0.0424266 0)
(0.1174266 0.0424266 0)
(0.1199266 0.0424266 0)
(0.1224266 0.0424266 0)
(0.1249266 0.0424266 0)
(0.1274266 0.0424266 0)
(0.1299266 0.0424266 0)
(0.1324266 0.0424266 0)
(0.1349266 0.0424266 0)
(0.1374266 0.0424266 0)
(0.1399266 0.0424266 0)
(0.1424266 0.0424266 0)
(0.044194375 0.044194375 0)
(0.046694375 0.044194375 0)
(0.049194375 0.044194375 0)
(0.051694375 0.044194375 0)
(0.054194375 0.044194375 0)
(0.056694375 0.044194375 0)
(0.059194375 0.044194375 0)
(0.061694375 0.044194375 0)
(0.064194375 0.044194375 0)
(0.066694375 0.044194375 0)
(0.069194375 0.044194375 0)
(0.071694375 0.044194375 0)
(0.074194375 0.044194375 0)
(0.076694375 0.044194375 0)
(0.079194375 0.044194375 0)
(0.081694375 0.044194375 0)
(0.084194375 0.044194375 0)
(0.086694375 0.044194375 0)
(0.089194375 0.044194375 0)
(0.091694375 0.044194375 0)
(0.094194375 0.044194375 0)
(0.096694375 0.044194375 0)
(0.099194375 0.044194375 0)
(0.101694375 0.044194375 0)
(0.104194375 0.044194375 0)
(0.106694375 0.044194375 0)
(0.109194375 0.044194375 0)
(0.111694375 0.044194375 0)
(0.114194375 0.044194375 0)
(0.116694375 0.044194375 0)
(0.119194375 0.044194375 0)
(0.121694375 0.044194375 0)
(0.124194375 0.044194375 0)
(0.126694375 0.044194375 0)
(0.129194375 0.044194375 0)
(0.131694375 0.044194375 0)
(0.134194375 0.044194375 0)
(0.136694375 0.044194375 0)
(0.139194375 0.044194375 0)
(0.141694375 0.044194375 0)
(0.144194375 0.044194375 0)
(0.04596215 0.04596215 0)
(0.04846215 0.04596215 0)
(0.05096215 0.04596215 0)
(0.05346215 0.04596215 0)
(0.05596215 0.04596215 0)
(0.05846215 0.04596215 0)
(0.06096215 0.04596215 0)
(0.06346215 0.04596215 0)
(0.06596215 0.04596215 0)
(0.06846215 0.04596215 0)
(0.07096215 0.04596215 0)
(0.07346215 0.04596215 0)
(0.07596215 0.04596215 0)
(0.07846215 0.04596215 0)
(0.08096215 0.04596215 0)
(0.08346215 0.04596215 0)
(0.08596215 0.04596215 0)
(0.08846215 0.04596215 0)
(0.09096215 0.04596215 0)
(0.09346215 0.04596215 0)
(0.09596215 0.04596215 0)
(0.09846215 0.04596215 0)
(0.10096215 0.04596215 0)
(0.10346215 0.04596215 0)
(0.10596215 0.04596215 0)
(0.10846215 0.04596215 0)
(0.11096215 0.04596215 0)
(0.11346215 0.04596215 0)
(0.11596215 0.04596215 0)
(0.11846215 0.04596215 0)
(0.12096215 0.04596215 0)
(0.12346215 0.04596215 0)
(0.12596215 0.04596215 0)
(0.12846215 0.04596215 0)
(0.13096215 0.04596215 0)
(0.13346215 0.04596215 0)
(0.13596215 0.04596215 0)
(0.13846215 0.04596215 0)
(0.14096215 0.04596215 0)
(0.14346215 0.04596215 0)
(0.14596215 0.04596215 0)
(0.047729925 0.047729925 0)
(0.050229925 0.047729925 0)
(0.052729925 0.047729925 0)
(0.055229925 0.047729925 0)
(0.057729925 0.047729925 0)
(0.060229925 0.047729925 0)
(0.062729925 0.047729925 0)
(0.065229925 0.047729925 0)
(0.067729925 0.047729925 0)
(0.070229925 0.047729925 0)
(0.072729925 0.047729925 0)
(0.075229925 0.047729925 0)
(0.077729925 0.047729925 0)
(0.080229925 0.047729925 0)
(0.082729925 0.047729925 0)
(0.085229925 0.047729925 0)
(0.087729925 0.047729925 0)
(0.090229925 0.047729925 0)
(0.092729925 0.047729925 0)
(0.095229925 0.047729925 0)
(0.097729925 0.047729925 0)
(0.100229925 0.047729925 0)
(0.102729925 0.047729925 0)
(0.105229925 0.047729925 0)
(0.107729925 0.047729925 0)
(0.110229925 0.047729925 0)
(0.112729925 0.047729925 0)
(0.115229925 0.047729925 0)
(0.117729925 0.047729925 0)
(0.120229925 0.047729925 0)
(0.122729925 0.047729925 0)
(0.125229925 0.047729925 0)
(0.127729925 0.047729925 0)
(0.130229925 0.047729925 0)
(0.132729925 0.047729925 0)
(0.135229925 0.047729925 0)
(0.137729925 0.047729925 0)
(0.140229925 0.047729925 0)
(0.142729925 0.047729925 0)
(0.145229925 0.047729925 0)
(0.147729925 0.047729925 0)
(0.0494977 0.0494977 0)
(0.0519977 0.0494977 0)
(0.0544977 0.0494977 0)
(0.0569977 0.0494977 0)
(0.0594977 0.0494977 0)
(0.0619977 0.0494977 0)
(0.0644977 0.0494977 0)
(0.0669977 0.0494977 0)
(0.0694977 0.0494977 0)
(0.0719977 0.0494977 0)
(0.0744977 0.0494977 0)
(0.0769977 0.0494977 0)
(0.0794977 0.0494977 0)
(0.0819977 0.0494977 0)
(0.0844977 0.0494977 0)
(0.0869977 0.0494977 0)
(0.0894977 0.0494977 0)
(0.0919977 0.0494977 0)
(0.0944977 0.0494977 0)
(0.0969977 0.0494977 0)
(0.0994977 0.0494977 0)
(0.1019977 0.0494977 0)
(0.1044977 0.0494977 0)
(0.1069977 0.0494977 0)
(0.1094977 0.0494977 0)
(0.1119977 0.0494977 0)
(0.1144977 0.0494977 0)
(0.1169977 0.0494977 0)
(0.1194977 0.0494977 0)
(0.1219977 0.0494977 0)
(0.1244977 0.0494977 0)
(0.1269977 0.0494977 0)
(0.1294977 0.0494977 0)
(0.1319977 0.0494977 0)
(0.1344977 0.0494977 0)
(0.1369977 0.0494977 0)
(0.1394977 0.0494977 0)
(0.1419977 0.0494977 0)
(0.1444977 0.0494977 0)
(0.1469977 0.0494977 0)
(0.1494977 0.0494977 0)
(0.051265475 0.051265475 0)
(0.053765475 0.051265475 0)
(0.056265475 0.051265475 0)
(0.058765475 0.051265475 0)
(0.061265475 0.051265475 0)
(0.063765475 0.051265475 0)
(0.066265475 0.051265475 0)
(0.068765475 0.051265475 0)
(0.071265475 0.051265475 0)
(0.073765475 0.051265475 0)
(0.076265475 0.051265475 0)
(0.078765475 0.051265475 0)
(0.081265475 0.051265475 0)
(0.083765475 0.051265475 0)
(0.086265475 0.051265475 0)
(0.088765475 0.051265475 0)
(0.091265475 0.051265475 0)
(0.093765475 0.051265475 0)
(0.096265475 0.051265475 0)
(0.098765475 0.051265475 0)
(0.101265475 0.051265475 0)
(0.103765475 0.051265475 0)
(0.106265475 0.051265475 0)
(0.108765475 0.051265475 0)
(0.111265475 0.051265475 0)
(0.113765475 0.051265475 0)
(0.116265475 0.051265475 0)
(0.118765475 0.051265475 0)
(0.121265475 0.051265475 0)
(0.123765475 0.051265475 0)
(0.126265475 0.051265475 0)
(0.128765475 0.051265475 0)
(0.131265475 0.051265475 0)
(0.133765475 0.051265475 0)
(0.136265475 0.051265475 0)
(0.138765475 0.051265475 0)
(0.141265475 0.051265475 0)
(0.143765475 0.051265475 0)
(0.146265475 0.051265475 0)
(0.148765475 0.051265475 0)
(0.151265475 0.051265475 0)
(0.05303325 0.05303325 0)
(0.05553325 0.05303325 0)
(0.05803325 0.05303325 0)
(0.06053325 0.05303325 0)
(0.06303325 0.05303325 0)
(0.06553325 0.05303325 0)
(0.06803325 0.05303325 0)
(0.07053325 0.05303325 0)
(0.07303325 0.05303325 0)
(0.07553325 0.05303325 0)
(0.07803325 0.05303325 0)
(0.08053325 0.05303325 0)
(0.08303325 0.05303325 0)
(0.08553325 0.05303325 0)
(0.08803325 0.05303325 0)
(0.09053325 0.05303325 0)
(0.09303325 0.05303325 0)
(0.09553325 0.05303325 0)
(0.09803325 0.05303325 0)
(0.10053325 0.05303325 0)
(0.10303325 0.05303325 0)
(0.10553325 0.05303325 0)
(0.10803325 0.05303325 0)
(0.11053325 0.05303325 0)
(0.11303325 0.05303325 0)
(0.11553325 0.05303325 0)
(0.11803325 0.05303325 0)
(0.12053325 0.05303325 0)
(0.12303325 0.05303325 0)
(0.12553325 0.05303325 0)
(0.12803325 0.05303325 0)
(0.13053325 0.05303325 0)
(0.13303325 0.05303325 0)
(0.13553325 0.05303325 0)
(0.13803325 0.05303325 0)
(0.14053325 0.05303325 0)
(0.14303325 0.05303325 0)
(0.14553325 0.05303325 0)
(0.14803325 0.05303325 0)
(0.15053325 0.05303325 0)
(0.15303325 0.05303325 0)
(0.054801025 0.054801025 0)
(0.057301025 0.054801025 0)
(0.059801025 0.054801025 0)
(0.062301025 0.054801025 0)
(0.064801025 0.054801025 0)
(0.067301025 0.054801025 0)
(0.069801025 0.054801025 0)
(0.072301025 0.054801025 0)
(0.074801025 0.054801025 0)
(0.077301025 0.054801025 0)
(0.079801025 0.054801025 0)
(0.082301025 0.054801025 0)
(0.084801025 0.054801025 0)
(0.087301025 0.054801025 0)
(0.089801025 0.054801025 0)
(0.092301025 0.054801025 0)
(0.094801025 0.054801025 0)
(0.097301025 0.054801025 0)
(0.099801025 0.054801025 0)
(0.102301025 0.054801025 0)
(0.104801025 0.054801025 0)
(0.107301025 0.054801025 0)
(0.109801025 0.054801025 0)
(0.112301025 0.054801025 0)
(0.114801025 0.054801025 0)
(0.117301025 0.054801025 0)
(0.119801025 0.054801025 0)
(0.122301025 0.054801025 0)
(0.124801025 0.054801025 0)
(0.127301025 0.054801025 0)
(0.129801025 0.054801025 0)
(0.132301025 0.054801025 0)
(0.134801025 0.054801025 0)
(0.137301025 0.054801025 0)
(0.139801025 0.054801025 0)
(0.142301025 0.054801025 0)
(0.144801025 0.054801025 0)
(0.147301025 0.054801025 0)
(0.149801025 0.054801025 0)
(0.152301025 0.054801025 0)
(0.154801025 0.054801025 0)
(0.0565688 0.0565688 0)
(0.0590688 0.0565688 0)
(0.0615688 0.0565688 0)
(0.0640688 0.0565688 0)
(0.0665688 0.0565688 0)
(0.0690688 0.0565688 0)
(0.0715688 0.0565688 0)
(0.0740688 0.0565688 0)
(0.0765688 0.0565688 0)
(0.0790688 0.0565688 0)
(0.0815688 0.0565688 0)
(0.0840688 0.0565688 0)
(0.0865688 0.0565688 0)
(0.0890688 0.0565688 0)
(0.0915688 0.0565688 0)
(0.0940688 0.0565688 0)
(0.0965688 0.0565688 0)
(0.0990688 0.0565688 0)
(0.1015688 0.0565688 0)
(0.1040688 0.0565688 0)
(0.1065688 0.0565688 0)
(0.1090688 0.0565688 0)
(0.1115688 0.0565688 0)
(0.1140688 0.0565688 0)
(0.1165688 0.0565688 0)
(0.1190688 0.0565688 0)
(0.1215688 0.0565688 0)
(0.1240688 0.0565688 0)
(0.1265688 0.0565688 0)
(0.1290688 0.0565688 0)
(0.1315688 0.0565688 0)
(0.1340688 0.0565688 0)
(0.1365688 0.0565688 0)
(0.1390688 0.0565688 0)
(0.1415688 0.0565688 0)
(0.1440688 0.0565688 0)
(0.1465688 0.0565688 0)
(0.1490688 0.0565688 0)
(0.1515688 0.0565688 0)
(0.1540688 0.0565688 0)
(0.1565688 0.0565688 0)
(0.058336575 0.058336575 0)
(0.060836575 0.058336575 0)
(0.063336575 0.058336575 0)
(0.065836575 0.058336575 0)
(0.068336575 0.058336575 0)
(0.070836575 0.058336575 0)
(0.073336575 0.058336575 0)
(0.075836575 0.058336575 0)
(0.078336575 0.058336575 0)
(0.080836575 0.058336575 0)
(0.083336575 0.058336575 0)
(0.085836575 0.058336575 0)
(0.088336575 0.058336575 0)
(0.090836575 0.058336575 0)
(0.093336575 0.058336575 0)
(0.095836575 0.058336575 0)
(0.098336575 0.058336575 0)
(0.100836575 0.058336575 0)
(0.103336575 0.058336575 0)
(0.105836575 0.058336575 0)
(0.108336575 0.058336575 0)
(0.110836575 0.058336575 0)
(0.113336575 0.058336575 0)
(0.115836575 0.058336575 0)
(0.118336575 0.058336575 0)
(0.120836575 0.058336575 0)
(0.123336575 0.058336575 0)
(0.125836575 0.058336575 0)
(0.128336575 0.058336575 0)
(0.130836575 0.058336575 0)
(0.133336575 0.058336575 0)
(0.135836575 0.058336575 0)
(0.138336575 0.058336575 0)
(0.140836575 0.058336575 0)
(0.143336575 0.058336575 0)
(0.145836575 0.058336575 0)
(0.148336575 0.058336575 0)
(0.150836575 0.058336575 0)
(0.153336575 0.058336575 0)
(0.155836575 0.058336575 0)
(0.158336575 0.058336575 0)
(0.06010435 0.06010435 0)
(0.06260435 0.06010435 0)
(0.06510435 0.06010435 0)
(0.06760435 0.06010435 0)
(0.07010435 0.06010435 0)
(0.07260435 0.06010435 0)
(0.07510435 0.06010435 0)
(0.07760435 0.06010435 0)
(0.08010435 0.06010435 0)
(0.08260435 0.06010435 0)
(0.08510435 0.06010435 0)
(0.08760435 0.06010435 0)
(0.09010435 0.06010435 0)
(0.09260435 0.06010435 0)
(0.09510435 0.06010435 0)
(0.09760435 0.06010435 0)
(0.10010435 0.06010435 0)
(0.10260435 0.06010435 0)
(0.10510435 0.06010435 0)
(0.10760435 0.06010435 0)
(0.11010435 0.06010435 0)
(0.11260435 0.06010435 0)
(0.11510435 0.06010435 0)
(0.11760435 0.06010435 0)
(0.12010435 0.06010435 0)
(0.12260435 0.06010435 0)
(0.12510435 0.06010435 0)
(0.12760435 0.06010435 0)
(0.13010435 0.06010435 0)
(0.13260435 0.06010435 0)
(0.13510435 0.06010435 0)
(0.13760435 0.06010435 0)
(0.14010435 0.06010435 0)
(0.14260435 0.06010435 0)
(0.14510435 0.06010435 0)
(0.14760435 0.06010435 0)
(0.15010435 0.06010435 0)
(0.15260435 0.06010435 0)
(0.15510435 0.06010435 0)
(0.15760435 0.06010435 0)
(0.16010435 0.06010435 0)
(0.061872125 0.061872125 0)
(0.064372125 0.061872125 0)
(0.066872125 0.061872125 0)
(0.069372125 0.061872125 0)
(0.071872125 0.061872125 0)
(0.074372125 0.061872125 0)
(0.076872125 0.061872125 0)
(0.079372125 0.061872125 0)
(0.081872125 0.061872125 0)
(0.084372125 0.061872125 0)
(0.086872125 0.061872125 0)
(0.089372125 0.061872125 0)
(0.091872125 0.061872125 0)
(0.094372125 0.061872125 0)
(0.096872125 0.061872125 0)
(0.099372125 0.061872125 0)
(0.101872125 0.061872125 0)
(0.104372125 0.061872125 0)
(0.106872125 0.061872125 0)
(0.109372125 0.061872125 0)
(0.111872125 0.061872125 0)
(0.114372125 0.061872125 0)
(0.116872125 0.061872125 0)
(0.119372125 0.061872125 0)
(0.121872125 0.061872125 0)
(0.124372125 0.061872125 0)
(0.126872125 0.061872125 0)
(0.129372125 0.061872125 0)
(0.131872125 0.061872125 0)
(0.134372125 0.061872125 0)
(0.136872125 0.061872125 0)
(0.139372125 0.061872125 0)
(0.141872125 0.061872125 0)
(0.144372125 0.061872125 0)
(0.146872125 0.061872125 0)
(0.149372125 0.061872125 0)
(0.151872125 0.061872125 0)
(0.154372125 0.061872125 0)
(0.156872125 0.061872125 0)
(0.159372125 0.061872125 0)
(0.161872125 0.061872125 0)
(0.0636399 0.0636399 0)
(0.0661399 0.0636399 0)
(0.0686399 0.0636399 0)
(0.0711399 0.0636399 0)
(0.0736399 0.0636399 0)
(0.0761399 0.0636399 0)
(0.0786399 0.0636399 0)
(0.0811399 0.0636399 0)
(0.0836399 0.0636399 0)
(0.0861399 0.0636399 0)
(0.0886399 0.0636399 0)
(0.0911399 0.0636399 0)
(0.0936399 0.0636399 0)
(0.0961399 0.0636399 0)
(0.0986399 0.0636399 0)
(0.1011399 0.0636399 0)
(0.1036399 0.0636399 0)
(0.1061399 0.0636399 0)
(0.1086399 0.0636399 0)
(0.1111399 0.0636399 0)
(0.1136399 0.0636399 0)
(0.1161399 0.0636399 0)
(0.1186399 0.0636399 0)
(0.1211399 0.0636399 0)
(0.1236399 0.0636399 0)
(0.1261399 0.0636399 0)
(0.1286399 0.0636399 0)
(0.1311399 0.0636399 0)
(0.1336399 0.0636399 0)
(0.1361399 0.0636399 0)
(0.1386399 0.0636399 0)
(0.1411399 0.0636399 0)
(0.1436399 0.0636399 0)
(0.1461399 0.0636399 0)
(0.1486399 0.0636399 0)
(0.1511399 0.0636399 0)
(0.1536399 0.0636399 0)
(0.1561399 0.0636399 0)
(0.1586399 0.0636399 0)
(0.1611399 0.0636399 0)
(0.1636399 0.0636399 0)
(0.065407675 0.065407675 0)
(0.067907675 0.065407675 0)
(0.070407675 0.065407675 0)
(0.072907675 0.065407675 0)
(0.075407675 0.065407675 0)
(0.077907675 0.065407675 0)
(0.080407675 0.065407675 0)
(0.082907675 0.065407675 0)
(0.085407675 0.065407675 0)
(0.087907675 0.065407675 0)
(0.090407675 0.065407675 0)
(0.092907675 0.065407675 0)
(0.095407675 0.065407675 0)
(0.097907675 0.065407675 0)
(0.100407675 0.065407675 0)
(0.102907675 0.065407675 0)
(0.105407675 0.065407675 0)
(0.107907675 0.065407675 0)
(0.110407675 0.065407675 0)
(0.112907675 0.065407675 0)
(0.115407675 0.065407675 0)
(0.117907675 0.065407675 0)
(0.120407675 0.065407675 0)
(0.122907675 0.065407675 0)
(0.125407675 0.065407675 0)
(0.127907675 0.065407675 0)
(0.130407675 0.065407675 0)
(0.132907675 0.065407675 0)
(0.135407675 0.065407675 0)
(0.137907675 0.065407675 0)
(0.140407675 0.065407675 0)
(0.142907675 0.065407675 0)
(0.145407675 0.065407675 0)
(0.147907675 0.065407675 0)
(0.150407675 0.065407675 0)
(0.152907675 0.065407675 0)
(0.155407675 0.065407675 0)
(0.157907675 0.065407675 0)
(0.160407675 0.065407675 0)
(0.162907675 0.065407675 0)
(0.165407675 0.065407675 0)
(0.06717545 0.06717545 0)
(0.06967545 0.06717545 0)
(0.07217545 0.06717545 0)
(0.07467545 0.06717545 0)
(0.07717545 0.06717545 0)
(0.07967545 0.06717545 0)
(0.08217545 0.06717545 0)
(0.08467545 0.06717545 0)
(0.08717545 0.06717545 0)
(0.08967545 0.06717545 0)
(0.09217545 0.06717545 0)
(0.09467545 0.06717545 0)
(0.09717545 0.06717545 0)
(0.09967545 0.06717545 0)
(0.10217545 0.06717545 0)
(0.10467545 0.06717545 0)
(0.10717545 0.06717545 0)
(0.10967545 0.06717545 0)
(0.11217545 0.06717545 0)
(0.11467545 0.06717545 0)
(0.11717545 0.06717545 0)
(0.11967545 0.06717545 0)
(0.12217545 0.06717545 0)
(0.12467545 0.06717545 0)
(0.12717545 0.06717545 0)
(0.12967545 0.06717545 0)
(0.13217545 0.06717545 0)
(0.13467545 0.06717545 0)
(0.13717545 0.06717545 0)
(0.13967545 0.06717545 0)
(0.14217545 0.06717545 0)
(0.14467545 0.06717545 0)
(0.14717545 0.06717545 0)
(0.14967545 0.06717545 0)
(0.15217545 0.06717545 0)
(0.15467545 0.06717545 0)
(0.15717545 0.06717545 0)
(0.15967545 0.06717545 0)
(0.16217545 0.06717545 0)
(0.16467545 0.06717545 0)
(0.16717545 0.06717545 0)
(0.068943225 0.068943225 0)
(0.071443225 0.068943225 0)
(0.073943225 0.068943225 0)
(0.076443225 0.068943225 0)
(0.078943225 0.068943225 0)
(0.081443225 0.068943225 0)
(0.083943225 0.068943225 0)
(0.086443225 0.068943225 0)
(0.088943225 0.068943225 0)
(0.091443225 0.068943225 0)
(0.093943225 0.068943225 0)
(0.096443225 0.068943225 0)
(0.098943225 0.068943225 0)
(0.101443225 0.068943225 0)
(0.103943225 0.068943225 0)
(0.106443225 0.068943225 0)
(0.108943225 0.068943225 0)
(0.111443225 0.068943225 0)
(0.113943225 0.068943225 0)
(0.116443225 0.068943225 0)
(0.118943225 0.068943225 0)
(0.121443225 0.068943225 0)
(0.123943225 0.068943225 0)
(0.126443225 0.068943225 0)
(0.128943225 0.068943225 0)
(0.131443225 0.068943225 0)
(0.133943225 0.068943225 0)
(0.136443225 0.068943225 0)
(0.138943225 0.068943225 0)
(0.141443225 0.068943225 0)
(0.143943225 0.068943225 0)
(0.146443225 0.068943225 0)
(0.148943225 0.068943225 0)
(0.151443225 0.068943225 0)
(0.153943225 0.068943225 0)
(0.156443225 0.068943225 0)
(0.158943225 0.068943225 0)
(0.161443225 0.068943225 0)
(0.163943225 0.068943225 0)
(0.166443225 0.068943225 0)
(0.168943225 0.068943225 0)
(0.070711 0.070711 0)
(0.073211 0.070711 0)
(0.075711 0.070711 0)
(0.078211 0.070711 0)
(0.080711 0.070711 0)
(0.083211 0.070711 0)
(0.085711 0.070711 0)
(0.088211 0.070711 0)
(0.090711 0.070711 0)
(0.093211 0.070711 0)
(0.095711 0.070711 0)
(0.098211 0.070711 0)
(0.100711 0.070711 0)
(0.103211 0.070711 0)
(0.105711 0.070711 0)
(0.108211 0.070711 0)
(0.110711 0.070711 0)
(0.113211 0.070711 0)
(0.115711 0.070711 0)
(0.118211 0.070711 0)
(0.120711 0.070711 0)
(0.123211 0.070711 0)
(0.125711 0.070711 0)
(0.128211 0.070711 0)
(0.130711 0.070711 0)
(0.133211 0.070711 0)
(0.135711 0.070711 0)
(0.138211 0.070711 0)
(0.140711 0.070711 0)
(0.143211 0.070711 0)
(0.145711 0.070711 0)
(0.148211 0.070711 0)
(0.150711 0.070711 0)
(0.153211 0.070711 0)
(0.155711 0.070711 0)
(0.158211 0.070711 0)
(0.160711 0.070711 0)
(0.163211 0.070711 0)
(0.165711 0.070711 0)
(0.168211 0.070711 0)
(0.170711 0.070711 0)
(0 0 0.01)
(0.0025 0 0.01)
(0.005 0 0.01)
(0.0075 0 0.01)
(0.01 0 0.01)
(0.0125 0 0.01)
(0.015 0 0.01)
(0.0175 0 0.01)
(0.02 0 0.01)
(0.0225 0 0.01)
(0.025 0 0.01)
(0.0275 0 0.01)
(0.03 0 0.01)
(0.0325 0 0.01)
(0.035 0 0.01)
(0.0375 0 0.01)
(0.04 0 0.01)
(0.0425 0 0.01)
(0.045 0 0.01)
(0.0475 0 0.01)
(0.05 0 0.01)
(0.0525 0 0.01)
(0.055 0 0.01)
(0.0575 0 0.01)
(0.06 0 0.01)
(0.0625 0 0.01)
(0.065 0 0.01)
(0.0675 0 0.01)
(0.07 0 0.01)
(0.0725 0 0.01)
(0.075 0 0.01)
(0.0775 0 0.01)
(0.08 0 0.01)
(0.0825 0 0.01)
(0.085 0 0.01)
(0.0875 0 0.01)
(0.09 0 0.01)
(0.0925 0 0.01)
(0.095 0 0.01)
(0.0975 0 0.01)
(0.1 0 0.01)
(0.001767775 0.001767775 0.01)
(0.004267775 0.001767775 0.01)
(0.006767775 0.001767775 0.01)
(0.009267775 0.001767775 0.01)
(0.011767775 0.001767775 0.01)
(0.014267775 0.001767775 0.01)
(0.016767775 0.001767775 0.01)
(0.019267775 0.001767775 0.01)
(0.021767775 0.001767775 0.01)
(0.024267775 0.001767775 0.01)
(0.026767775 0.001767775 0.01)
(0.029267775 0.001767775 0.01)
(0.031767775 0.001767775 0.01)
(0.034267775 0.001767775 0.01)
(0.036767775 0.001767775 0.01)
(0.039267775 0.001767775 0.01)
(0.041767775 0.001767775 0.01)
(0.044267775 0.001767775 0.01)
(0.046767775 0.001767775 0.01)
(0.049267775 0.001767775 0.01)
(0.051767775 0.001767775 0.01)
(0.054267775 0.001767775 0.01)
(0.056767775 0.001767775 0.01)
(0.059267775 0.001767775 0.01)
(0.061767775 0.001767775 0.01)
(0.064267775 0.001767775 0.01)
(0.066767775 0.001767775 0.01)
(0.069267775 0.001767775 0.01)
(0.071767775 0.001767775 0.01)
(0.074267775 0.001767775 0.01)
(0.076767775 0.001767775 0.01)
(0.079267775 0.001767775 0.01)
(0.081767775 0.001767775 0.01)
(0.084267775 0.001767775 0.01)
(0.086767775 0.001767775 0.01)
(0.089267775 0.001767775 0.01)
(0.091767775 0.001767775 0.01)
(0.094267775 0.001767775 0.01)
(0.096767775 0.001767775 0.01)
(0.099267775 0.001767775 0.01)
(0.101767775 0.001767775 0.01)
(0.00353555 0.00353555 0.01)
(0.00603555 0.00353555 0.01)
(0.00853555 0.00353555 0.01)
(0.01103555 0.00353555 0.01)
(0.01353555 0.00353555 0.01)
(0.01603555 0.00353555 0.01)
(0.01853555 0.00353555 0.01)
(0.02103555 0.00353555 0.01)
(0.02353555 0.00353555 0.01)
(0.02603555 0.00353555 0.01)
(0.02853555 0.00353555 0.01)
(0.03103555 0.00353555 0.01)
(0.03353555 0.00353555 0.01)
(0.03603555 0.00353555 0.01)
(0.03853555 0.00353555 0.01)
(0.04103555 0.00353555 0.01)
(0.04353555 0.00353555 0.01)
(0.04603555 0.00353555 0.01)
(0.04853555 0.00353555 0.01)
(0.05103555 0.00353555 0.01)
(0.05353555 0.00353555 0.01)
(0.05603555 0.00353555 0.01)
(0.05853555 0.00353555 0.01)
(0.06103555 0.00353555 0.01)
(0.06353555 0.00353555 0.01)
(0.06603555 0.00353555 0.01)
(0.06853555 0.00353555 0.01)
(0.07103555 0.00353555 0.01)
(0.07353555 0.00353555 0.01)
(0.07603555 0.00353555 0.01)
(0.07853555 0.00353555 0.01)
(0.08103555 0.00353555 0.01)
(0.08353555 0.00353555 0.01)
(0.08603555 0.00353555 0.01)
(0.08853555 0.00353555 0.01)
(0.09103555 0.00353555 0.01)
(0.09353555 0.00353555 0.01)
(0.09603555 0.00353555 0.01)
(0.09853555 0.00353555 0.01)
(0.10103555 0.00353555 0.01)
(0.10353555 0.00353555 0.01)
(0.005303325 0.005303325 0.01)
(0.007803325 0.005303325 0.01)
(0.010303325 0.005303325 0.01)
(0.012803325 0.005303325 0.01)
(0.015303325 0.005303325 0.01)
(0.017803325 0.005303325 0.01)
(0.020303325 0.005303325 0.01)
(0.022803325 0.005303325 0.01)
(0.025303325 0.005303325 0.01)
(0.027803325 0.005303325 0.01)
(0.030303325 0.005303325 0.01)
(0.032803325 0.005303325 0.01)
(0.035303325 0.005303325 0.01)
(0.037803325 0.005303325 0.01)
(0.040303325 0.005303325 0.01)
(0.042803325 0.005303325 0.01)
(0.045303325 0.005303325 0.01)
(0.047803325 0.005303325 0.01)
(0.050303325 0.005303325 0.01)
(0.052803325 0.005303325 0.01)
(0.055303325 0.005303325 0.01)
(0.057803325 0.005303325 0.01)
(0.060303325 0.005303325 0.01)
(0.062803325 0.005303325 0.01)
(0.065303325 0.005303325 0.01)
(0.067803325 0.005303325 0.01)
(0.070303325 0.005303325 0.01)
(0.072803325 0.005303325 0.01)
(0.075303325 0.005303325 0.01)
(0.077803325 0.005303325 0.01)
(0.080303325 0.005303325 0.01)
(0.082803325 0.005303325 0.01)
(0.085303325 0.005303325 0.01)
(0.087803325 0.005303325 0.01)
(0.090303325 0.005303325 0.01)
(0.092803325 0.005303325 0.01)
(0.095303325 0.005303325 0.01)
(0.097803325 0.005303325 0.01)
(0.100303325 0.005303325 0.01)
(0.102803325 0.005303325 0.01)
(0.105303325 0.005303325 0.01)
(0.0070711 0.0070711 0.01)
(0.0095711 0.0070711 0.01)
(0.0120711 0.0070711 0.01)
(0.0145711 0.0070711 0.01)
(0.0170711 0.0070711 0.01)
(0.0195711 0.0070711 0.01)
(0.0220711 0.0070711 0.01)
(0.0245711 0.0070711 0.01)
(0.0270711 0.0070711 0.01)
(0.0295711 0.0070711 0.01)
(0.0320711 0.0070711 0.01)
(0.0345711 0.0070711 0.01)
(0.0370711 0.0070711 0.01)
(0.0395711 0.0070711 0.01)
(0.0420711 0.0070711 0.01)
(0.0445711 0.0070711 0.01)
(0.0470711 0.0070711 0.01)
(0.0495711 0.0070711 0.01)
(0.0520711 0.0070711 0.01)
(0.0545711 0.0070711 0.01)
(0.0570711 0.0070711 0.01)
(0.0595711 0.0070711 0.01)
(0.0620711 0.0070711 0.01)
(0.0645711 0.0070711 0.01)
(0.0670711 0.0070711 0.01)
(0.0695711 0.0070711 0.01)
(0.0720711 0.0070711 0.01)
(0.0745711 0.0070711 0.01)
(0.0770711 0.0070711 0.01)
(0.0795711 0.0070711 0.01)
(0.0820711 0.0070711 0.01)
(0.0845711 0.0070711 0.01)
(0.0870711 0.0070711 0.01)
(0.0895711 0.0070711 0.01)
(0.0920711 0.0070711 0.01)
(0.0945711 0.0070711 0.01)
(0.0970711 0.0070711 0.01)
(0.0995711 0.0070711 0.01)
(0.1020711 0.0070711 0.01)
(0.1045711 0.0070711 0.01)
(0.1070711 0.0070711 0.01)
(0.008838875 0.008838875 0.01)
(0.011338875 0.008838875 0.01)
(0.013838875 0.008838875 0.01)
(0.016338875 0.008838875 0.01)
(0.018838875 0.008838875 0.01)
(0.021338875 0.008838875 0.01)
(0.023838875 0.008838875 0.01)
(0.026338875 0.008838875 0.01)
(0.028838875 0.008838875 0.01)
(0.031338875 0.008838875 0.01)
(0.033838875 0.008838875 0.01)
(0.036338875 0.008838875 0.01)
(0.038838875 0.008838875 0.01)
(0.041338875 0.008838875 0.01)
(0.043838875 0.008838875 0.01)
(0.046338875 0.008838875 0.01)
(0.048838875 0.008838875 0.01)
(0.051338875 0.008838875 0.01)
(0.053838875 0.008838875 0.01)
(0.056338875 0.008838875 0.01)
(0.058838875 0.008838875 0.01)
(0.061338875 0.008838875 0.01)
(0.063838875 0.008838875 0.01)
(0.066338875 0.008838875 0.01)
(0.068838875 0.008838875 0.01)
(0.071338875 0.008838875 0.01)
(0.073838875 0.008838875 0.01)
(0.076338875 0.008838875 0.01)
(0.078838875 0.008838875 0.01)
(0.081338875 0.008838875 0.01)
(0.083838875 0.008838875 0.01)
(0.086338875 0.008838875 0.01)
(0.088838875 0.008838875 0.01)
(0.091338875 0.008838875 0.01)
(0.093838875 0.008838875 0.01)
(0.096338875 0.008838875 0.01)
(0.098838875 0.008838875 0.01)
(0.101338875 0.008838875 0.01)
(0.103838875 0.008838875 0.01)
(0.106338875 0.008838875 0.01)
(0.108838875 0.008838875 0.01)
(0.01060665 0.01060665 0.01)
(0.01310665 0.01060665 0.01)
(0.01560665 0.01060665 0.01)
(0.01810665 0.01060665 0.01)
(0.02060665 0.01060665 0.01)
(0.02310665 0.01060665 0.01)
(0.02560665 0.01060665 0.01)
(0.02810665 0.01060665 0.01)
(0.03060665 0.01060665 0.01)
(0.03310665 0.01060665 0.01)
(0.03560665 0.01060665 0.01)
(0.03810665 0.01060665 0.01)
(0.04060665 0.01060665 0.01)
(0.04310665 0.01060665 0.01)
(0.04560665 0.01060665 0.01)
(0.04810665 0.01060665 0.01)
(0.05060665 0.01060665 0.01)
(0.05310665 0.01060665 0.01)
(0.05560665 0.01060665 0.01)
(0.05810665 0.01060665 0.01)
(0.06060665 0.01060665 0.01)
(0.06310665 0.01060665 0.01)
(0.06560665 0.01060665 0.01)
(0.06810665 0.01060665 0.01)
(0.07060665 0.01060665 0.01)
(0.07310665 0.01060665 0.01)
(0.07560665 0.01060665 0.01)
(0.07810665 0.01060665 0.01)
(0.08060665 0.01060665 0.01)
(0.08310665 0.01060665 0.01)
(0.08560665 0.01060665 0.01)
(0.08810665 0.01060665 0.01)
(0.09060665 0.01060665 0.01)
(0.09310665 0.01060665 0.01)
(0.09560665 0.01060665 0.01)
(0.09810665 0.01060665 0.01)
(0.10060665 0.01060665 0.01)
(0.10310665 0.01060665 0.01)
(0.10560665 0.01060665 0.01)
(0.10810665 0.01060665 0.01)
(0.11060665 0.01060665 0.01)
(0.012374425 0.012374425 0.01)
(0.014874425 0.012374425 0.01)
(0.017374425 0.012374425 0.01)
(0.019874425 0.012374425 0.01)
(0.022374425 0.012374425 0.01)
(0.024874425 0.012374425 0.01)
(0.027374425 0.012374425 0.01)
(0.029874425 0.012374425 0.01)
(0.032374425 0.012374425 0.01)
(0.034874425 0.012374425 0.01)
(0.037374425 0.012374425 0.01)
(0.039874425 0.012374425 0.01)
(0.042374425 0.012374425 0.01)
(0.044874425 0.012374425 0.01)
(0.047374425 0.012374425 0.01)
(0.049874425 0.012374425 0.01)
(0.052374425 0.012374425 0.01)
(0.054874425 0.012374425 0.01)
(0.057374425 0.012374425 0.01)
(0.059874425 0.012374425 0.01)
(0.062374425 0.012374425 0.01)
(0.064874425 0.012374425 0.01)
(0.067374425 0.012374425 0.01)
(0.069874425 0.012374425 0.01)
(0.072374425 0.012374425 0.01)
(0.074874425 0.012374425 0.01)
(0.077374425 0.012374425 0.01)
(0.079874425 0.012374425 0.01)
(0.082374425 0.012374425 0.01)
(0.084874425 0.012374425 0.01)
(0.087374425 0.012374425 0.01)
(0.089874425 0.012374425 0.01)
(0.092374425 0.012374425 0.01)
(0.094874425 0.012374425 0.01)
(0.097374425 0.012374425 0.01)
(0.099874425 0.012374425 0.01)
(0.102374425 0.012374425 0.01)
(0.104874425 0.012374425 0.01)
(0.107374425 0.012374425 0.01)
(0.109874425 0.012374425 0.01)
(0.112374425 0.012374425 0.01)
(0.0141422 0.0141422 0.01)
(0.0166422 0.0141422 0.01)
(0.0191422 0.0141422 0.01)
(0.0216422 0.0141422 0.01)
(0.0241422 0.0141422 0.01)
(0.0266422 0.0141422 0.01)
(0.0291422 0.0141422 0.01)
(0.0316422 0.0141422 0.01)
(0.0341422 0.0141422 0.01)
(0.0366422 0.0141422 0.01)
(0.0391422 0.0141422 0.01)
(0.0416422 0.0141422 0.01)
(0.0441422 0.0141422 0.01)
(0.0466422 0.0141422 0.01)
(0.0491422 0.0141422 0.01)
(0.0516422 0.0141422 0.01)
(0.0541422 0.0141422 0.01)
(0.0566422 0.0141422 0.01)
(0.0591422 0.0141422 0.01)
(0.0616422 0.0141422 0.01)
(0.0641422 0.0141422 0.01)
(0.0666422 0.0141422 0.01)
(0.0691422 0.0141422 0.01)
(0.0716422 0.0141422 0.01)
(0.0741422 0.0141422 0.01)
(0.0766422 0.0141422 0.01)
(0.0791422 0.0141422 0.01)
(0.0816422 0.0141422 0.01)
(0.0841422 0.0141422 0.01)
(0.0866422 0.0141422 0.01)
(0.0891422 0.0141422 0.01)
(0.0916422 0.0141422 0.01)
(0.0941422 0.0141422 0.01)
(0.0966422 0.0141422 0.01)
(0.0991422 0.0141422 0.01)
(0.1016422 0.0141422 0.01)
(0.1041422 0.0141422 0.01)
(0.1066422 0.0141422 0.01)
(0.1091422 0.0141422 0.01)
(0.1116422 0.0141422 0.01)
(0.1141422 0.0141422 0.01)
(0.015909975 0.015909975 0.01)
(0.018409975 0.015909975 0.01)
(0.020909975 0.015909975 0.01)
(0.023409975 0.015909975 0.01)
(0.025909975 0.015909975 0.01)
(0.028409975 0.015909975 0.01)
(0.030909975 0.015909975 0.01)
(0.033409975 0.015909975 0.01)
(0.035909975 0.015909975 0.01)
(0.038409975 0.015909975 0.01)
(0.040909975 0.015909975 0.01)
(0.043409975 0.015909975 0.01)
(0.045909975 0.015909975 0.01)
(0.048409975 0.015909975 0.01)
(0.050909975 0.015909975 0.01)
(0.053409975 0.015909975 0.01)
(0.055909975 0.015909975 0.01)
(0.058409975 0.015909975 0.01)
(0.060909975 0.015909975 0.01)
(0.063409975 0.015909975 0.01)
(0.065909975 0.015909975 0.01)
(0.068409975 0.015909975 0.01)
(0.070909975 0.015909975 0.01)
(0.073409975 0.015909975 0.01)
(0.075909975 0.015909975 0.01)
(0.078409975 0.015909975 0.01)
(0.080909975 0.015909975 0.01)
(0.083409975 0.015909975 0.01)
(0.085909975 0.015909975 0.01)
(0.088409975 0.015909975 0.01)
(0.090909975 0.015909975 0.01)
(0.093409975 0.015909975 0.01)
(0.095909975 0.015909975 0.01)
(0.098409975 0.015909975 0.01)
(0.100909975 0.015909975 0.01)
(0.103409975 0.015909975 0.01)
(0.105909975 0.015909975 0.01)
(0.108409975 0.015909975 0.01)
(0.110909975 0.015909975 0.01)
(0.113409975 0.015909975 0.01)
(0.115909975 0.015909975 0.01)
(0.01767775 0.01767775 0.01)
(0.02017775 0.01767775 0.01)
(0.02267775 0.01767775 0.01)
(0.02517775 0.01767775 0.01)
(0.02767775 0.01767775 0.01)
(0.03017775 0.01767775 0.01)
(0.03267775 0.01767775 0.01)
(0.03517775 0.01767775 0.01)
(0.03767775 0.01767775 0.01)
(0.04017775 0.01767775 0.01)
(0.04267775 0.01767775 0.01)
(0.04517775 0.01767775 0.01)
(0.04767775 0.01767775 0.01)
(0.05017775 0.01767775 0.01)
(0.05267775 0.01767775 0.01)
(0.05517775 0.01767775 0.01)
(0.05767775 0.01767775 0.01)
(0.06017775 0.01767775 0.01)
(0.06267775 0.01767775 0.01)
(0.06517775 0.01767775 0.01)
(0.06767775 0.01767775 0.01)
(0.07017775 0.01767775 0.01)
(0.07267775 0.01767775 0.01)
(0.07517775 0.01767775 0.01)
(0.07767775 0.01767775 0.01)
(0.08017775 0.01767775 0.01)
(0.08267775 0.01767775 0.01)
(0.08517775 0.01767775 0.01)
(0.08767775 0.01767775 0.01)
(0.09017775 0.01767775 0.01)
(0.09267775 0.01767775 0.01)
(0.09517775 0.01767775 0.01)
(0.09767775 0.01767775 0.01)
(0.10017775 0.01767775 0.01)
(0.10267775 0.01767775 0.01)
(0.10517775 0.01767775 0.01)
(0.10767775 0.01767775 0.01)
(0.11017775 0.01767775 0.01)
(0.11267775 0.01767775 0.01)
(0.11517775 0.01767775 0.01)
(0.11767775 0.01767775 0.01)
(0.019445525 0.019445525 0.01)
(0.021945525 0.019445525 0.01)
(0.024445525 0.019445525 0.01)
(0.026945525 0.019445525 0.01)
(0.029445525 0.019445525 0.01)
(0.031945525 0.019445525 0.01)
(0.034445525 0.019445525 0.01)
(0.036945525 0.019445525 0.01)
(0.039445525 0.019445525 0.01)
(0.041945525 0.019445525 0.01)
(0.044445525 0.019445525 0.01)
(0.046945525 0.019445525 0.01)
(0.049445525 0.019445525 0.01)
(0.051945525 0.019445525 0.01)
(0.054445525 0.019445525 0.01)
(0.056945525 0.019445525 0.01)
(0.059445525 0.019445525 0.01)
(0.061945525 0.019445525 0.01)
(0.064445525 0.019445525 0.01)
(0.066945525 0.019445525 0.01)
(0.069445525 0.019445525 0.01)
(0.071945525 0.019445525 0.01)
(0.074445525 0.019445525 0.01)
(0.076945525 0.019445525 0.01)
(0.079445525 0.019445525 0.01)
(0.081945525 0.019445525 0.01)
(0.084445525 0.019445525 0.01)
(0.086945525 0.019445525 0.01)
(0.089445525 0.019445525 0.01)
(0.091945525 0.019445525 0.01)
(0.094445525 0.019445525 0.01)
(0.096945525 0.019445525 0.01)
(0.099445525 0.019445525 0.01)
(0.101945525 0.019445525 0.01)
(0.104445525 0.019445525 0.01)
(0.106945525 0.019445525 0.01)
(0.109445525 0.019445525 0.01)
(0.111945525 0.019445525 0.01)
(0.114445525 0.019445525 0.01)
(0.116945525 0.019445525 0.01)
(0.119445525 0.019445525 0.01)
(0.0212133 0.0212133 0.01)
(0.0237133 0.0212133 0.01)
(0.0262133 0.0212133 0.01)
(0.0287133 0.0212133 0.01)
(0.0312133 0.0212133 0.01)
(0.0337133 0.0212133 0.01)
(0.0362133 0.0212133 0.01)
(0.0387133 0.0212133 0.01)
(0.0412133 0.0212133 0.01)
(0.0437133 0.0212133 0.01)
(0.0462133 0.0212133 0.01)
(0.0487133 0.0212133 0.01)
(0.0512133 0.0212133 0.01)
(0.0537133 0.0212133 0.01)
(0.0562133 0.0212133 0.01)
(0.0587133 0.0212133 0.01)
(0.0612133 0.0212133 0.01)
(0.0637133 0.0212133 0.01)
(0.0662133 0.0212133 0.01)
(0.0687133 0.0212133 0.01)
(0.0712133 0.0212133 0.01)
(0.0737133 0.0212133 0.01)
(0.0762133 0.0212133 0.01)
(0.0787133 0.0212133 0.01)
(0.0812133 0.0212133 0.01)
(0.0837133 0.0212133 0.01)
(0.0862133 0.0212133 0.01)
(0.0887133 0.0212133 0.01)
(0.0912133 0.0212133 0.01)
(0.0937133 0.0212133 0.01)
(0.0962133 0.0212133 0.01)
(0.0987133 0.0212133 0.01)
(0.1012133 0.0212133 0.01)
(0.1037133 0.0212133 0.01)
(0.1062133 0.0212133 0.01)
(0.1087133 0.0212133 0.01)
(0.1112133 0.0212133 0.01)
(0.1137133 0.0212133 0.01)
(0.1162133 0.0212133 0.01)
(0.1187133 0.0212133 0.01)
(0.1212133 0.0212133 0.01)
(0.022981075 0.022981075 0.01)
(0.025481075 0.022981075 0.01)
(0.027981075 0.022981075 0.01)
(0.030481075 0.022981075 0.01)
(0.032981075 0.022981075 0.01)
(0.035481075 0.022981075 0.01)
(0.037981075 0.022981075 0.01)
(0.040481075 0.022981075 0.01)
(0.042981075 0.022981075 0.01)
(0.045481075 0.022981075 0.01)
(0.047981075 0.022981075 0.01)
(0.050481075 0.022981075 0.01)
(0.052981075 0.022981075 0.01)
(0.055481075 0.022981075 0.01)
(0.057981075 0.022981075 0.01)
(0.060481075 0.022981075 0.01)
(0.062981075 0.022981075 0.01)
(0.065481075 0.022981075 0.01)
(0.067981075 0.022981075 0.01)
(0.070481075 0.022981075 0.01)
(0.072981075 0.022981075 0.01)
(0.075481075 0.022981075 0.01)
(0.077981075 0.022981075 0.01)
(0.080481075 0.022981075 0.01)
(0.082981075 0.022981075 0.01)
(0.085481075 0.022981075 0.01)
(0.087981075 0.022981075 0.01)
(0.090481075 0.022981075 0.01)
(0.092981075 0.022981075 0.01)
(0.095481075 0.022981075 0.01)
(0.097981075 0.022981075 0.01)
(0.100481075 0.022981075 0.01)
(0.102981075 0.022981075 0.01)
(0.105481075 0.022981075 0.01)
(0.107981075 0.022981075 0.01)
(0.110481075 0.022981075 0.01)
(0.112981075 0.022981075 0.01)
(0.115481075 0.022981075 0.01)
(0.117981075 0.022981075 0.01)
(0.120481075 0.022981075 0.01)
(0.122981075 0.022981075 0.01)
(0.02474885 0.02474885 0.01)
(0.02724885 0.02474885 0.01)
(0.02974885 0.02474885 0.01)
(0.03224885 0.02474885 0.01)
(0.03474885 0.02474885 0.01)
(0.03724885 0.02474885 0.01)
(0.03974885 0.02474885 0.01)
(0.04224885 0.02474885 0.01)
(0.04474885 0.02474885 0.01)
(0.04724885 0.02474885 0.01)
(0.04974885 0.02474885 0.01)
(0.05224885 0.02474885 0.01)
(0.05474885 0.02474885 0.01)
(0.05724885 0.02474885 0.01)
(0.05974885 0.02474885 0.01)
(0.06224885 0.02474885 0.01)
(0.06474885 0.02474885 0.01)
(0.06724885 0.02474885 0.01)
(0.06974885 0.02474885 0.01)
(0.07224885 0.02474885 0.01)
(0.07474885 0.02474885 0.01)
(0.07724885 0.02474885 0.01)
(0.07974885 0.02474885 0.01)
(0.08224885 0.02474885 0.01)
(0.08474885 0.02474885 0.01)
(0.08724885 0.02474885 0.01)
(0.08974885 0.02474885 0.01)
(0.09224885 0.02474885 0.01)
(0.09474885 0.02474885 0.01)
(0.09724885 0.02474885 0.01)
(0.09974885 0.02474885 0.01)
(0.10224885 0.02474885 0.01)
(0.10474885 0.02474885 0.01)
(0.10724885 0.02474885 0.01)
(0.10974885 0.02474885 0.01)
(0.11224885 0.02474885 0.01)
(0.11474885 0.02474885 0.01)
(0.11724885 0.02474885 0.01)
(0.11974885 0.02474885 0.01)
(0.12224885 0.02474885 0.01)
(0.12474885 0.02474885 0.01)
(0.026516625 0.026516625 0.01)
(0.029016625 0.026516625 0.01)
(0.031516625 0.026516625 0.01)
(0.034016625 0.026516625 0.01)
(0.036516625 0.026516625 0.01)
(0.039016625 0.026516625 0.01)
(0.041516625 0.026516625 0.01)
(0.044016625 0.026516625 0.01)
(0.046516625 0.026516625 0.01)
(0.049016625 0.026516625 0.01)
(0.051516625 0.026516625 0.01)
(0.054016625 0.026516625 0.01)
(0.056516625 0.026516625 0.01)
(0.059016625 0.026516625 0.01)
(0.061516625 0.026516625 0.01)
(0.064016625 0.026516625 0.01)
(0.066516625 0.026516625 0.01)
(0.069016625 0.026516625 0.01)
(0.071516625 0.026516625 0.01)
(0.074016625 0.026516625 0.01)
(0.076516625 0.026516625 0.01)
(0.079016625 0.026516625 0.01)
(0.081516625 0.026516625 0.01)
(0.084016625 0.026516625 0.01)
(0.086516625 0.026516625 0.01)
(0.089016625 0.026516625 0.01)
(0.091516625 0.026516625 0.01)
(0.094016625 0.026516625 0.01)
(0.096516625 0.026516625 0.01)
(0.099016625 0.026516625 0.01)
(0.101516625 0.026516625 0.01)
(0.104016625 0.026516625 0.01)
(0.106516625 0.026516625 0.01)
(0.109016625 0.026516625 0.01)
(0.111516625 0.026516625 0.01)
(0.114016625 0.026516625 0.01)
(0.116516625 0.026516625 0.01)
(0.119016625 0.026516625 0.01)
(0.121516625 0.026516625 0.01)
(0.124016625 0.026516625 0.01)
(0.126516625 0.026516625 0.01)
(0.0282844 0.0282844 0.01)
(0.0307844 0.0282844 0.01)
(0.0332844 0.0282844 0.01)
(0.0357844 0.0282844 0.01)
(0.0382844 0.0282844 0.01)
(0.0407844 0.0282844 0.01)
(0.0432844 0.0282844 0.01)
(0.0457844 0.0282844 0.01)
(0.0482844 0.0282844 0.01)
(0.0507844 0.0282844 0.01)
(0.0532844 0.0282844 0.01)
(0.0557844 0.0282844 0.01)
(0.0582844 0.0282844 0.01)
(0.0607844 0.0282844 0.01)
(0.0632844 0.0282844 0.01)
(0.0657844 0.0282844 0.01)
(0.0682844 0.0282844 0.01)
(0.0707844 0.0282844 0.01)
(0.0732844 0.0282844 0.01)
(0.0757844 0.0282844 0.01)
(0.0782844 0.0282844 0.01)
(0.0807844 0.0282844 0.01)
(0.0832844 0.0282844 0.01)
(0.0857844 0.0282844 0.01)
(0.0882844 0.0282844 0.01)
(0.0907844 0.0282844 0.01)
(0.0932844 0.0282844 0.01)
(0.0957844 0.0282844 0.01)
(0.0982844 0.0282844 0.01)
(0.1007844 0.0282844 0.01)
(0.1032844 0.0282844 0.01)
(0.1057844 0.0282844 0.01)
(0.1082844 0.0282844 0.01)
(0.1107844 0.0282844 0.01)
(0.1132844 0.0282844 0.01)
(0.1157844 0.0282844 0.01)
(0.1182844 0.0282844 0.01)
(0.1207844 0.0282844 0.01)
(0.1232844 0.0282844 0.01)
(0.1257844 0.0282844 0.01)
(0.1282844 0.0282844 0.01)
(0.030052175 0.030052175 0.01)
(0.032552175 0.030052175 0.01)
(0.035052175 0.030052175 0.01)
(0.037552175 0.030052175 0.01)
(0.040052175 0.030052175 0.01)
(0.042552175 0.030052175 0.01)
(0.045052175 0.030052175 0.01)
(0.047552175 0.030052175 0.01)
(0.050052175 0.030052175 0.01)
(0.052552175 0.030052175 0.01)
(0.055052175 0.030052175 0.01)
(0.057552175 0.030052175 0.01)
(0.060052175 0.030052175 0.01)
(0.062552175 0.030052175 0.01)
(0.065052175 0.030052175 0.01)
(0.067552175 0.030052175 0.01)
(0.070052175 0.030052175 0.01)
(0.072552175 0.030052175 0.01)
(0.075052175 0.030052175 0.01)
(0.077552175 0.030052175 0.01)
(0.080052175 0.030052175 0.01)
(0.082552175 0.030052175 0.01)
(0.085052175 0.030052175 0.01)
(0.087552175 0.030052175 0.01)
(0.090052175 0.030052175 0.01)
(0.092552175 0.030052175 0.01)
(0.095052175 0.030052175 0.01)
(0.097552175 0.030052175 0.01)
(0.100052175 0.030052175 0.01)
(0.102552175 0.030052175 0.01)
(0.105052175 0.030052175 0.01)
(0.107552175 0.030052175 0.01)
(0.110052175 0.030052175 0.01)
(0.112552175 0.030052175 0.01)
(0.115052175 0.030052175 0.01)
(0.117552175 0.030052175 0.01)
(0.120052175 0.030052175 0.01)
(0.122552175 0.030052175 0.01)
(0.125052175 0.030052175 0.01)
(0.127552175 0.030052175 0.01)
(0.130052175 0.030052175 0.01)
(0.03181995 0.03181995 0.01)
(0.03431995 0.03181995 0.01)
(0.03681995 0.03181995 0.01)
(0.03931995 0.03181995 0.01)
(0.04181995 0.03181995 0.01)
(0.04431995 0.03181995 0.01)
(0.04681995 0.03181995 0.01)
(0.04931995 0.03181995 0.01)
(0.05181995 0.03181995 0.01)
(0.05431995 0.03181995 0.01)
(0.05681995 0.03181995 0.01)
(0.05931995 0.03181995 0.01)
(0.06181995 0.03181995 0.01)
(0.06431995 0.03181995 0.01)
(0.06681995 0.03181995 0.01)
(0.06931995 0.03181995 0.01)
(0.07181995 0.03181995 0.01)
(0.07431995 0.03181995 0.01)
(0.07681995 0.03181995 0.01)
(0.07931995 0.03181995 0.01)
(0.08181995 0.03181995 0.01)
(0.08431995 0.03181995 0.01)
(0.08681995 0.03181995 0.01)
(0.08931995 0.03181995 0.01)
(0.09181995 0.03181995 0.01)
(0.09431995 0.03181995 0.01)
(0.09681995 0.03181995 0.01)
(0.09931995 0.03181995 0.01)
(0.10181995 0.03181995 0.01)
(0.10431995 0.03181995 0.01)
(0.10681995 0.03181995 0.01)
(0.10931995 0.03181995 0.01)
(0.11181995 0.03181995 0.01)
(0.11431995 0.03181995 0.01)
(0.11681995 0.03181995 0.01)
(0.11931995 0.03181995 0.01)
(0.12181995 0.03181995 0.01)
(0.12431995 0.03181995 0.01)
(0.12681995 0.03181995 0.01)
(0.12931995 0.03181995 0.01)
(0.13181995 0.03181995 0.01)
(0.033587725 0.033587725 0.01)
(0.036087725 0.033587725 0.01)
(0.038587725 0.033587725 0.01)
(0.041087725 0.033587725 0.01)
(0.043587725 0.033587725 0.01)
(0.046087725 0.033587725 0.01)
(0.048587725 0.033587725 0.01)
(0.051087725 0.033587725 0.01)
(0.053587725 0.033587725 0.01)
(0.056087725 0.033587725 0.01)
(0.058587725 0.033587725 0.01)
(0.061087725 0.033587725 0.01)
(0.063587725 0.033587725 0.01)
(0.066087725 0.033587725 0.01)
(0.068587725 0.033587725 0.01)
(0.071087725 0.033587725 0.01)
(0.073587725 0.033587725 0.01)
(0.076087725 0.033587725 0.01)
(0.078587725 0.033587725 0.01)
(0.081087725 0.033587725 0.01)
(0.083587725 0.033587725 0.01)
(0.086087725 0.033587725 0.01)
(0.088587725 0.033587725 0.01)
(0.091087725 0.033587725 0.01)
(0.093587725 0.033587725 0.01)
(0.096087725 0.033587725 0.01)
(0.098587725 0.033587725 0.01)
(0.101087725 0.033587725 0.01)
(0.103587725 0.033587725 0.01)
(0.106087725 0.033587725 0.01)
(0.108587725 0.033587725 0.01)
(0.111087725 0.033587725 0.01)
(0.113587725 0.033587725 0.01)
(0.116087725 0.033587725 0.01)
(0.118587725 0.033587725 0.01)
(0.121087725 0.033587725 0.01)
(0.123587725 0.033587725 0.01)
(0.126087725 0.033587725 0.01)
(0.128587725 0.033587725 0.01)
(0.131087725 0.033587725 0.01)
(0.133587725 0.033587725 0.01)
(0.0353555 0.0353555 0.01)
(0.0378555 0.0353555 0.01)
(0.0403555 0.0353555 0.01)
(0.0428555 0.0353555 0.01)
(0.0453555 0.0353555 0.01)
(0.0478555 0.0353555 0.01)
(0.0503555 0.0353555 0.01)
(0.0528555 0.0353555 0.01)
(0.0553555 0.0353555 0.01)
(0.0578555 0.0353555 0.01)
(0.0603555 0.0353555 0.01)
(0.0628555 0.0353555 0.01)
(0.0653555 0.0353555 0.01)
(0.0678555 0.0353555 0.01)
(0.0703555 0.0353555 0.01)
(0.0728555 0.0353555 0.01)
(0.0753555 0.0353555 0.01)
(0.0778555 0.0353555 0.01)
(0.0803555 0.0353555 0.01)
(0.0828555 0.0353555 0.01)
(0.0853555 0.0353555 0.01)
(0.0878555 0.0353555 0.01)
(0.0903555 0.0353555 0.01)
(0.0928555 0.0353555 0.01)
(0.0953555 0.0353555 0.01)
(0.0978555 0.0353555 0.01)
(0.1003555 0.0353555 0.01)
(0.1028555 0.0353555 0.01)
(0.1053555 0.0353555 0.01)
(0.1078555 0.0353555 0.01)
(0.1103555 0.0353555 0.01)
(0.1128555 0.0353555 0.01)
(0.1153555 0.0353555 0.01)
(0.1178555 0.0353555 0.01)
(0.1203555 0.0353555 0.01)
(0.1228555 0.0353555 0.01)
(0.1253555 0.0353555 0.01)
(0.1278555 0.0353555 0.01)
(0.1303555 0.0353555 0.01)
(0.1328555 0.0353555 0.01)
(0.1353555 0.0353555 0.01)
(0.037123275 0.037123275 0.01)
(0.039623275 0.037123275 0.01)
(0.042123275 0.037123275 0.01)
(0.044623275 0.037123275 0.01)
(0.047123275 0.037123275 0.01)
(0.049623275 0.037123275 0.01)
(0.052123275 0.037123275 0.01)
(0.054623275 0.037123275 0.01)
(0.057123275 0.037123275 0.01)
(0.059623275 0.037123275 0.01)
(0.062123275 0.037123275 0.01)
(0.064623275 0.037123275 0.01)
(0.067123275 0.037123275 0.01)
(0.069623275 0.037123275 0.01)
(0.072123275 0.037123275 0.01)
(0.074623275 0.037123275 0.01)
(0.077123275 0.037123275 0.01)
(0.079623275 0.037123275 0.01)
(0.082123275 0.037123275 0.01)
(0.084623275 0.037123275 0.01)
(0.087123275 0.037123275 0.01)
(0.089623275 0.037123275 0.01)
(0.092123275 0.037123275 0.01)
(0.094623275 0.037123275 0.01)
(0.097123275 0.037123275 0.01)
(0.099623275 0.037123275 0.01)
(0.102123275 0.037123275 0.01)
(0.104623275 0.037123275 0.01)
(0.107123275 0.037123275 0.01)
(0.109623275 0.037123275 0.01)
(0.112123275 0.037123275 0.01)
(0.114623275 0.037123275 0.01)
(0.117123275 0.037123275 0.01)
(0.119623275 0.037123275 0.01)
(0.122123275 0.037123275 0.01)
(0.124623275 0.037123275 0.01)
(0.127123275 0.037123275 0.01)
(0.129623275 0.037123275 0.01)
(0.132123275 0.037123275 0.01)
(0.134623275 0.037123275 0.01)
(0.137123275 0.037123275 0.01)
(0.03889105 0.03889105 0.01)
(0.04139105 0.03889105 0.01)
(0.04389105 0.03889105 0.01)
(0.04639105 0.03889105 0.01)
(0.04889105 0.03889105 0.01)
(0.05139105 0.03889105 0.01)
(0.05389105 0.03889105 0.01)
(0.05639105 0.03889105 0.01)
(0.05889105 0.03889105 0.01)
(0.06139105 0.03889105 0.01)
(0.06389105 0.03889105 0.01)
(0.06639105 0.03889105 0.01)
(0.06889105 0.03889105 0.01)
(0.07139105 0.03889105 0.01)
(0.07389105 0.03889105 0.01)
(0.07639105 0.03889105 0.01)
(0.07889105 0.03889105 0.01)
(0.08139105 0.03889105 0.01)
(0.08389105 0.03889105 0.01)
(0.08639105 0.03889105 0.01)
(0.08889105 0.03889105 0.01)
(0.09139105 0.03889105 0.01)
(0.09389105 0.03889105 0.01)
(0.09639105 0.03889105 0.01)
(0.09889105 0.03889105 0.01)
(0.10139105 0.03889105 0.01)
(0.10389105 0.03889105 0.01)
(0.10639105 0.03889105 0.01)
(0.10889105 0.03889105 0.01)
(0.11139105 0.03889105 0.01)
(0.11389105 0.03889105 0.01)
(0.11639105 0.03889105 0.01)
(0.11889105 0.03889105 0.01)
(0.12139105 0.03889105 0.01)
(0.12389105 0.03889105 0.01)
(0.12639105 0.03889105 0.01)
(0.12889105 0.03889105 0.01)
(0.13139105 0.03889105 0.01)
(0.13389105 0.03889105 0.01)
(0.13639105 0.03889105 0.01)
(0.13889105 0.03889105 0.01)
(0.040658825 0.040658825 0.01)
(0.043158825 0.040658825 0.01)
(0.045658825 0.040658825 0.01)
(0.048158825 0.040658825 0.01)
(0.050658825 0.040658825 0.01)
(0.053158825 0.040658825 0.01)
(0.055658825 0.040658825 0.01)
(0.058158825 0.040658825 0.01)
(0.060658825 0.040658825 0.01)
(0.063158825 0.040658825 0.01)
(0.065658825 0.040658825 0.01)
(0.068158825 0.040658825 0.01)
(0.070658825 0.040658825 0.01)
(0.073158825 0.040658825 0.01)
(0.075658825 0.040658825 0.01)
(0.078158825 0.040658825 0.01)
(0.080658825 0.040658825 0.01)
(0.083158825 0.040658825 0.01)
(0.085658825 0.040658825 0.01)
(0.088158825 0.040658825 0.01)
(0.090658825 0.040658825 0.01)
(0.093158825 0.040658825 0.01)
(0.095658825 0.040658825 0.01)
(0.098158825 0.040658825 0.01)
(0.100658825 0.040658825 0.01)
(0.103158825 0.040658825 0.01)
(0.105658825 0.040658825 0.01)
(0.108158825 0.040658825 0.01)
(0.110658825 0.040658825 0.01)
(0.113158825 0.040658825 0.01)
(0.115658825 0.040658825 0.01)
(0.118158825 0.040658825 0.01)
(0.120658825 0.040658825 0.01)
(0.123158825 0.040658825 0.01)
(0.125658825 0.040658825 0.01)
(0.128158825 0.040658825 0.01)
(0.130658825 0.040658825 0.01)
(0.133158825 0.040658825 0.01)
(0.135658825 0.040658825 0.01)
(0.138158825 0.040658825 0.01)
(0.140658825 0.040658825 0.01)
(0.0424266 0.0424266 0.01)
(0.0449266 0.0424266 0.01)
(0.0474266 0.0424266 0.01)
(0.0499266 0.0424266 0.01)
(0.0524266 0.0424266 0.01)
(0.0549266 0.0424266 0.01)
(0.0574266 0.0424266 0.01)
(0.0599266 0.0424266 0.01)
(0.0624266 0.0424266 0.01)
(0.0649266 0.0424266 0.01)
(0.0674266 0.0424266 0.01)
(0.0699266 0.0424266 0.01)
(0.0724266 0.0424266 0.01)
(0.0749266 0.0424266 0.01)
(0.0774266 0.0424266 0.01)
(0.0799266 0.0424266 0.01)
(0.0824266 0.0424266 0.01)
(0.0849266 0.0424266 0.01)
(0.0874266 0.0424266 0.01)
(0.0899266 0.0424266 0.01)
(0.0924266 0.0424266 0.01)
(0.0949266 0.0424266 0.01)
(0.0974266 0.0424266 0.01)
(0.0999266 0.0424266 0.01)
(0.1024266 0.0424266 0.01)
(0.1049266 0.0424266 0.01)
(0.1074266 0.0424266 0.01)
(0.1099266 0.0424266 0.01)
(0.1124266 0.0424266 0.01)
(0.1149266 0.0424266 0.01)
(0.1174266 0.0424266 0.01)
(0.1199266 0.0424266 0.01)
(0.1224266 0.0424266 0.01)
(0.1249266 0.0424266 0.01)
(0.1274266 0.0424266 0.01)
(0.1299266 0.0424266 0.01)
(0.1324266 0.0424266 0.01)
(0.1349266 0.0424266 0.01)
(0.1374266 0.0424266 0.01)
(0.1399266 0.0424266 0.01)
(0.1424266 0.0424266 0.01)
(0.044194375 0.044194375 0.01)
(0.046694375 0.044194375 0.01)
(0.049194375 0.044194375 0.01)
(0.051694375 0.044194375 0.01)
(0.054194375 0.044194375 0.01)
(0.056694375 0.044194375 0.01)
(0.059194375 0.044194375 0.01)
(0.061694375 0.044194375 0.01)
(0.064194375 0.044194375 0.01)
(0.066694375 0.044194375 0.01)
(0.069194375 0.044194375 0.01)
(0.071694375 0.044194375 0.01)
(0.074194375 0.044194375 0.01)
(0.076694375 0.044194375 0.01)
(0.079194375 0.044194375 0.01)
(0.081694375 0.044194375 0.01)
(0.084194375 0.044194375 0.01)
(0.086694375 0.044194375 0.01)
(0.089194375 0.044194375 0.01)
(0.091694375 0.044194375 0.01)
(0.094194375 0.044194375 0.01)
(0.096694375 0.044194375 0.01)
(0.099194375 0.044194375 0.01)
(0.101694375 0.044194375 0.01)
(0.104194375 0.044194375 0.01)
(0.106694375 0.044194375 0.01)
(0.109194375 0.044194375 0.01)
(0.111694375 0.044194375 0.01)
(0.114194375 0.044194375 0.01)
(0.116694375 0.044194375 0.01)
(0.119194375 0.044194375 0.01)
(0.121694375 0.044194375 0.01)
(0.124194375 0.044194375 0.01)
(0.126694375 0.044194375 0.01)
(0.129194375 0.044194375 0.01)
(0.131694375 0.044194375 0.01)
(0.134194375 0.044194375 0.01)
(0.136694375 0.044194375 0.01)
(0.139194375 0.044194375 0.01)
(0.141694375 0.044194375 0.01)
(0.144194375 0.044194375 0.01)
(0.04596215 0.04596215 0.01)
(0.04846215 0.04596215 0.01)
(0.05096215 0.04596215 0.01)
(0.05346215 0.04596215 0.01)
(0.05596215 0.04596215 0.01)
(0.05846215 0.04596215 0.01)
(0.06096215 0.04596215 0.01)
(0.06346215 0.04596215 0.01)
(0.06596215 0.04596215 0.01)
(0.06846215 0.04596215 0.01)
(0.07096215 0.04596215 0.01)
(0.07346215 0.04596215 0.01)
(0.07596215 0.04596215 0.01)
(0.07846215 0.04596215 0.01)
(0.08096215 0.04596215 0.01)
(0.08346215 0.04596215 0.01)
(0.08596215 0.04596215 0.01)
(0.08846215 0.04596215 0.01)
(0.09096215 0.04596215 0.01)
(0.09346215 0.04596215 0.01)
(0.09596215 0.04596215 0.01)
(0.09846215 0.04596215 0.01)
(0.10096215 0.04596215 0.01)
(0.10346215 0.04596215 0.01)
(0.10596215 0.04596215 0.01)
(0.10846215 0.04596215 0.01)
(0.11096215 0.04596215 0.01)
(0.11346215 0.04596215 0.01)
(0.11596215 0.04596215 0.01)
(0.11846215 0.04596215 0.01)
(0.12096215 0.04596215 0.01)
(0.12346215 0.04596215 0.01)
(0.12596215 0.04596215 0.01)
(0.12846215 0.04596215 0.01)
(0.13096215 0.04596215 0.01)
(0.13346215 0.04596215 0.01)
(0.13596215 0.04596215 0.01)
(0.13846215 0.04596215 0.01)
(0.14096215 0.04596215 0.01)
(0.14346215 0.04596215 0.01)
(0.14596215 0.04596215 0.01)
(0.047729925 0.047729925 0.01)
(0.050229925 0.047729925 0.01)
(0.052729925 0.047729925 0.01)
(0.055229925 0.047729925 0.01)
(0.057729925 0.047729925 0.01)
(0.060229925 0.047729925 0.01)
(0.062729925 0.047729925 0.01)
(0.065229925 0.047729925 0.01)
(0.067729925 0.047729925 0.01)
(0.070229925 0.047729925 0.01)
(0.072729925 0.047729925 0.01)
(0.075229925 0.047729925 0.01)
(0.077729925 0.047729925 0.01)
(0.080229925 0.047729925 0.01)
(0.082729925 0.047729925 0.01)
(0.085229925 0.047729925 0.01)
(0.087729925 0.047729925 0.01)
(0.090229925 0.047729925 0.01)
(0.092729925 0.047729925 0.01)
(0.095229925 0.047729925 0.01)
(0.097729925 0.047729925 0.01)
(0.100229925 0.047729925 0.01)
(0.102729925 0.047729925 0.01)
(0.105229925 0.047729925 0.01)
(0.107729925 0.047729925 0.01)
(0.110229925 0.047729925 0.01)
(0.112729925 0.047729925 0.01)
(0.115229925 0.047729925 0.01)
(0.117729925 0.047729925 0.01)
(0.120229925 0.047729925 0.01)
(0.122729925 0.047729925 0.01)
(0.125229925 0.047729925 0.01)
(0.127729925 0.047729925 0.01)
(0.130229925 0.047729925 0.01)
(0.132729925 0.047729925 0.01)
(0.135229925 0.047729925 0.01)
(0.137729925 0.047729925 0.01)
(0.140229925 0.047729925 0.01)
(0.142729925 0.047729925 0.01)
(0.145229925 0.047729925 0.01)
(0.147729925 0.047729925 0.01)
(0.0494977 0.0494977 0.01)
(0.0519977 0.0494977 0.01)
(0.0544977 0.0494977 0.01)
(0.0569977 0.0494977 0.01)
(0.0594977 0.0494977 0.01)
(0.0619977 0.0494977 0.01)
(0.0644977 0.0494977 0.01)
(0.0669977 0.0494977 0.01)
(0.0694977 0.0494977 0.01)
(0.0719977 0.0494977 0.01)
(0.0744977 0.0494977 0.01)
(0.0769977 0.0494977 0.01)
(0.0794977 0.0494977 0.01)
(0.0819977 0.0494977 0.01)
(0.0844977 0.0494977 0.01)
(0.0869977 0.0494977 0.01)
(0.0894977 0.0494977 0.01)
(0.0919977 0.0494977 0.01)
(0.0944977 0.0494977 0.01)
(0.0969977 0.0494977 0.01)
(0.0994977 0.0494977 0.01)
(0.1019977 0.0494977 0.01)
(0.1044977 0.0494977 0.01)
(0.1069977 0.0494977 0.01)
(0.1094977 0.0494977 0.01)
(0.1119977 0.0494977 0.01)
(0.1144977 0.0494977 0.01)
(0.1169977 0.0494977 0.01)
(0.1194977 0.0494977 0.01)
(0.1219977 0.0494977 0.01)
(0.1244977 0.0494977 0.01)
(0.1269977 0.0494977 0.01)
(0.1294977 0.0494977 0.01)
(0.1319977 0.0494977 0.01)
(0.1344977 0.0494977 0.01)
(0.1369977 0.0494977 0.01)
(0.1394977 0.0494977 0.01)
(0.1419977 0.0494977 0.01)
(0.1444977 0.0494977 0.01)
(0.1469977 0.0494977 0.01)
(0.1494977 0.0494977 0.01)
(0.051265475 0.051265475 0.01)
(0.053765475 0.051265475 0.01)
(0.056265475 0.051265475 0.01)
(0.058765475 0.051265475 0.01)
(0.061265475 0.051265475 0.01)
(0.063765475 0.051265475 0.01)
(0.066265475 0.051265475 0.01)
(0.068765475 0.051265475 0.01)
(0.071265475 0.051265475 0.01)
(0.073765475 0.051265475 0.01)
(0.076265475 0.051265475 0.01)
(0.078765475 0.051265475 0.01)
(0.081265475 0.051265475 0.01)
(0.083765475 0.051265475 0.01)
(0.086265475 0.051265475 0.01)
(0.088765475 0.051265475 0.01)
(0.091265475 0.051265475 0.01)
(0.093765475 0.051265475 0.01)
(0.096265475 0.051265475 0.01)
(0.098765475 0.051265475 0.01)
(0.101265475 0.051265475 0.01)
(0.103765475 0.051265475 0.01)
(0.106265475 0.051265475 0.01)
(0.108765475 0.051265475 0.01)
(0.111265475 0.051265475 0.01)
(0.113765475 0.051265475 0.01)
(0.116265475 0.051265475 0.01)
(0.118765475 0.051265475 0.01)
(0.121265475 0.051265475 0.01)
(0.123765475 0.051265475 0.01)
(0.126265475 0.051265475 0.01)
(0.128765475 0.051265475 0.01)
(0.131265475 0.051265475 0.01)
(0.133765475 0.051265475 0.01)
(0.136265475 0.051265475 0.01)
(0.138765475 0.051265475 0.01)
(0.141265475 0.051265475 0.01)
(0.143765475 0.051265475 0.01)
(0.146265475 0.051265475 0.01)
(0.148765475 0.051265475 0.01)
(0.151265475 0.051265475 0.01)
(0.05303325 0.05303325 0.01)
(0.05553325 0.05303325 0.01)
(0.05803325 0.05303325 0.01)
(0.06053325 0.05303325 0.01)
(0.06303325 0.05303325 0.01)
(0.06553325 0.05303325 0.01)
(0.06803325 0.05303325 0.01)
(0.07053325 0.05303325 0.01)
(0.07303325 0.05303325 0.01)
(0.07553325 0.05303325 0.01)
(0.07803325 0.05303325 0.01)
(0.08053325 0.05303325 0.01)
(0.08303325 0.05303325 0.01)
(0.08553325 0.05303325 0.01)
(0.08803325 0.05303325 0.01)
(0.09053325 0.05303325 0.01)
(0.09303325 0.05303325 0.01)
(0.09553325 0.05303325 0.01)
(0.09803325 0.05303325 0.01)
(0.10053325 0.05303325 0.01)
(0.10303325 0.05303325 0.01)
(0.10553325 0.05303325 0.01)
(0.10803325 0.05303325 0.01)
(0.11053325 0.05303325 0.01)
(0.11303325 0.05303325 0.01)
(0.11553325 0.05303325 0.01)
(0.11803325 0.05303325 0.01)
(0.12053325 0.05303325 0.01)
(0.12303325 0.05303325 0.01)
(0.12553325 0.05303325 0.01)
(0.12803325 0.05303325 0.01)
(0.13053325 0.05303325 0.01)
(0.13303325 0.05303325 0.01)
(0.13553325 0.05303325 0.01)
(0.13803325 0.05303325 0.01)
(0.14053325 0.05303325 0.01)
(0.14303325 0.05303325 0.01)
(0.14553325 0.05303325 0.01)
(0.14803325 0.05303325 0.01)
(0.15053325 0.05303325 0.01)
(0.15303325 0.05303325 0.01)
(0.054801025 0.054801025 0.01)
(0.057301025 0.054801025 0.01)
(0.059801025 0.054801025 0.01)
(0.062301025 0.054801025 0.01)
(0.064801025 0.054801025 0.01)
(0.067301025 0.054801025 0.01)
(0.069801025 0.054801025 0.01)
(0.072301025 0.054801025 0.01)
(0.074801025 0.054801025 0.01)
(0.077301025 0.054801025 0.01)
(0.079801025 0.054801025 0.01)
(0.082301025 0.054801025 0.01)
(0.084801025 0.054801025 0.01)
(0.087301025 0.054801025 0.01)
(0.089801025 0.054801025 0.01)
(0.092301025 0.054801025 0.01)
(0.094801025 0.054801025 0.01)
(0.097301025 0.054801025 0.01)
(0.099801025 0.054801025 0.01)
(0.102301025 0.054801025 0.01)
(0.104801025 0.054801025 0.01)
(0.107301025 0.054801025 0.01)
(0.109801025 0.054801025 0.01)
(0.112301025 0.054801025 0.01)
(0.114801025 0.054801025 0.01)
(0.117301025 0.054801025 0.01)
(0.119801025 0.054801025 0.01)
(0.122301025 0.054801025 0.01)
(0.124801025 0.054801025 0.01)
(0.127301025 0.054801025 0.01)
(0.129801025 0.054801025 0.01)
(0.132301025 0.054801025 0.01)
(0.134801025 0.054801025 0.01)
(0.137301025 0.054801025 0.01)
(0.139801025 0.054801025 0.01)
(0.142301025 0.054801025 0.01)
(0.144801025 0.054801025 0.01)
(0.147301025 0.054801025 0.01)
(0.149801025 0.054801025 0.01)
(0.152301025 0.054801025 0.01)
(0.154801025 0.054801025 0.01)
(0.0565688 0.0565688 0.01)
(0.0590688 0.0565688 0.01)
(0.0615688 0.0565688 0.01)
(0.0640688 0.0565688 0.01)
(0.0665688 0.0565688 0.01)
(0.0690688 0.0565688 0.01)
(0.0715688 0.0565688 0.01)
(0.0740688 0.0565688 0.01)
(0.0765688 0.0565688 0.01)
(0.0790688 0.0565688 0.01)
(0.0815688 0.0565688 0.01)
(0.0840688 0.0565688 0.01)
(0.0865688 0.0565688 0.01)
(0.0890688 0.0565688 0.01)
(0.0915688 0.0565688 0.01)
(0.0940688 0.0565688 0.01)
(0.0965688 0.0565688 0.01)
(0.0990688 0.0565688 0.01)
(0.1015688 0.0565688 0.01)
(0.1040688 0.0565688 0.01)
(0.1065688 0.0565688 0.01)
(0.1090688 0.0565688 0.01)
(0.1115688 0.0565688 0.01)
(0.1140688 0.0565688 0.01)
(0.1165688 0.0565688 0.01)
(0.1190688 0.0565688 0.01)
(0.1215688 0.0565688 0.01)
(0.1240688 0.0565688 0.01)
(0.1265688 0.0565688 0.01)
(0.1290688 0.0565688 0.01)
(0.1315688 0.0565688 0.01)
(0.1340688 0.0565688 0.01)
(0.1365688 0.0565688 0.01)
(0.1390688 0.0565688 0.01)
(0.1415688 0.0565688 0.01)
(0.1440688 0.0565688 0.01)
(0.1465688 0.0565688 0.01)
(0.1490688 0.0565688 0.01)
(0.1515688 0.0565688 0.01)
(0.1540688 0.0565688 0.01)
(0.1565688 0.0565688 0.01)
(0.058336575 0.058336575 0.01)
(0.060836575 0.058336575 0.01)
(0.063336575 0.058336575 0.01)
(0.065836575 0.058336575 0.01)
(0.068336575 0.058336575 0.01)
(0.070836575 0.058336575 0.01)
(0.073336575 0.058336575 0.01)
(0.075836575 0.058336575 0.01)
(0.078336575 0.058336575 0.01)
(0.080836575 0.058336575 0.01)
(0.083336575 0.058336575 0.01)
(0.085836575 0.058336575 0.01)
(0.088336575 0.058336575 0.01)
(0.090836575 0.058336575 0.01)
(0.093336575 0.058336575 0.01)
(0.095836575 0.058336575 0.01)
(0.098336575 0.058336575 0.01)
(0.100836575 0.058336575 0.01)
(0.103336575 0.058336575 0.01)
(0.105836575 0.058336575 0.01)
(0.108336575 0.058336575 0.01)
(0.110836575 0.058336575 0.01)
(0.113336575 0.058336575 0.01)
(0.115836575 0.058336575 0.01)
(0.118336575 0.058336575 0.01)
(0.120836575 0.058336575 0.01)
(0.123336575 0.058336575 0.01)
(0.125836575 0.058336575 0.01)
(0.128336575 0.058336575 0.01)
(0.130836575 0.058336575 0.01)
(0.133336575 0.058336575 0.01)
(0.135836575 0.058336575 0.01)
(0.138336575 0.058336575 0.01)
(0.140836575 0.058336575 0.01)
(0.143336575 0.058336575 0.01)
(0.145836575 0.058336575 0.01)
(0.148336575 0.058336575 0.01)
(0.150836575 0.058336575 0.01)
(0.153336575 0.058336575 0.01)
(0.155836575 0.058336575 0.01)
(0.158336575 0.058336575 0.01)
(0.06010435 0.06010435 0.01)
(0.06260435 0.06010435 0.01)
(0.06510435 0.06010435 0.01)
(0.06760435 0.06010435 0.01)
(0.07010435 0.06010435 0.01)
(0.07260435 0.06010435 0.01)
(0.07510435 0.06010435 0.01)
(0.07760435 0.06010435 0.01)
(0.08010435 0.06010435 0.01)
(0.08260435 0.06010435 0.01)
(0.08510435 0.06010435 0.01)
(0.08760435 0.06010435 0.01)
(0.09010435 0.06010435 0.01)
(0.09260435 0.06010435 0.01)
(0.09510435 0.06010435 0.01)
(0.09760435 0.06010435 0.01)
(0.10010435 0.06010435 0.01)
(0.10260435 0.06010435 0.01)
(0.10510435 0.06010435 0.01)
(0.10760435 0.06010435 0.01)
(0.11010435 0.06010435 0.01)
(0.11260435 0.06010435 0.01)
(0.11510435 0.06010435 0.01)
(0.11760435 0.06010435 0.01)
(0.12010435 0.06010435 0.01)
(0.12260435 0.06010435 0.01)
(0.12510435 0.06010435 0.01)
(0.12760435 0.06010435 0.01)
(0.13010435 0.06010435 0.01)
(0.13260435 0.06010435 0.01)
(0.13510435 0.06010435 0.01)
(0.13760435 0.06010435 0.01)
(0.14010435 0.06010435 0.01)
(0.14260435 0.06010435 0.01)
(0.14510435 0.06010435 0.01)
(0.14760435 0.06010435 0.01)
(0.15010435 0.06010435 0.01)
(0.15260435 0.06010435 0.01)
(0.15510435 0.06010435 0.01)
(0.15760435 0.06010435 0.01)
(0.16010435 0.06010435 0.01)
(0.061872125 0.061872125 0.01)
(0.064372125 0.061872125 0.01)
(0.066872125 0.061872125 0.01)
(0.069372125 0.061872125 0.01)
(0.071872125 0.061872125 0.01)
(0.074372125 0.061872125 0.01)
(0.076872125 0.061872125 0.01)
(0.079372125 0.061872125 0.01)
(0.081872125 0.061872125 0.01)
(0.084372125 0.061872125 0.01)
(0.086872125 0.061872125 0.01)
(0.089372125 0.061872125 0.01)
(0.091872125 0.061872125 0.01)
(0.094372125 0.061872125 0.01)
(0.096872125 0.061872125 0.01)
(0.099372125 0.061872125 0.01)
(0.101872125 0.061872125 0.01)
(0.104372125 0.061872125 0.01)
(0.106872125 0.061872125 0.01)
(0.109372125 0.061872125 0.01)
(0.111872125 0.061872125 0.01)
(0.114372125 0.061872125 0.01)
(0.116872125 0.061872125 0.01)
(0.119372125 0.061872125 0.01)
(0.121872125 0.061872125 0.01)
(0.124372125 0.061872125 0.01)
(0.126872125 0.061872125 0.01)
(0.129372125 0.061872125 0.01)
(0.131872125 0.061872125 0.01)
(0.134372125 0.061872125 0.01)
(0.136872125 0.061872125 0.01)
(0.139372125 0.061872125 0.01)
(0.141872125 0.061872125 0.01)
(0.144372125 0.061872125 0.01)
(0.146872125 0.061872125 0.01)
(0.149372125 0.061872125 0.01)
(0.151872125 0.061872125 0.01)
(0.154372125 0.061872125 0.01)
(0.156872125 0.061872125 0.01)
(0.159372125 0.061872125 0.01)
(0.161872125 0.061872125 0.01)
(0.0636399 0.0636399 0.01)
(0.0661399 0.0636399 0.01)
(0.0686399 0.0636399 0.01)
(0.0711399 0.0636399 0.01)
(0.0736399 0.0636399 0.01)
(0.0761399 0.0636399 0.01)
(0.0786399 0.0636399 0.01)
(0.0811399 0.0636399 0.01)
(0.0836399 0.0636399 0.01)
(0.0861399 0.0636399 0.01)
(0.0886399 0.0636399 0.01)
(0.0911399 0.0636399 0.01)
(0.0936399 0.0636399 0.01)
(0.0961399 0.0636399 0.01)
(0.0986399 0.0636399 0.01)
(0.1011399 0.0636399 0.01)
(0.1036399 0.0636399 0.01)
(0.1061399 0.0636399 0.01)
(0.1086399 0.0636399 0.01)
(0.1111399 0.0636399 0.01)
(0.1136399 0.0636399 0.01)
(0.1161399 0.0636399 0.01)
(0.1186399 0.0636399 0.01)
(0.1211399 0.0636399 0.01)
(0.1236399 0.0636399 0.01)
(0.1261399 0.0636399 0.01)
(0.1286399 0.0636399 0.01)
(0.1311399 0.0636399 0.01)
(0.1336399 0.0636399 0.01)
(0.1361399 0.0636399 0.01)
(0.1386399 0.0636399 0.01)
(0.1411399 0.0636399 0.01)
(0.1436399 0.0636399 0.01)
(0.1461399 0.0636399 0.01)
(0.1486399 0.0636399 0.01)
(0.1511399 0.0636399 0.01)
(0.1536399 0.0636399 0.01)
(0.1561399 0.0636399 0.01)
(0.1586399 0.0636399 0.01)
(0.1611399 0.0636399 0.01)
(0.1636399 0.0636399 0.01)
(0.065407675 0.065407675 0.01)
(0.067907675 0.065407675 0.01)
(0.070407675 0.065407675 0.01)
(0.072907675 0.065407675 0.01)
(0.075407675 0.065407675 0.01)
(0.077907675 0.065407675 0.01)
(0.080407675 0.065407675 0.01)
(0.082907675 0.065407675 0.01)
(0.085407675 0.065407675 0.01)
(0.087907675 0.065407675 0.01)
(0.090407675 0.065407675 0.01)
(0.092907675 0.065407675 0.01)
(0.095407675 0.065407675 0.01)
(0.097907675 0.065407675 0.01)
(0.100407675 0.065407675 0.01)
(0.102907675 0.065407675 0.01)
(0.105407675 0.065407675 0.01)
(0.107907675 0.065407675 0.01)
(0.110407675 0.065407675 0.01)
(0.112907675 0.065407675 0.01)
(0.115407675 0.065407675 0.01)
(0.117907675 0.065407675 0.01)
(0.120407675 0.065407675 0.01)
(0.122907675 0.065407675 0.01)
(0.125407675 0.065407675 0.01)
(0.127907675 0.065407675 0.01)
(0.130407675 0.065407675 0.01)
(0.132907675 0.065407675 0.01)
(0.135407675 0.065407675 0.01)
(0.137907675 0.065407675 0.01)
(0.140407675 0.065407675 0.01)
(0.142907675 0.065407675 0.01)
(0.145407675 0.065407675 0.01)
(0.147907675 0.065407675 0.01)
(0.150407675 0.065407675 0.01)
(0.152907675 0.065407675 0.01)
(0.155407675 0.065407675 0.01)
(0.157907675 0.065407675 0.01)
(0.160407675 0.065407675 0.01)
(0.162907675 0.065407675 0.01)
(0.165407675 0.065407675 0.01)
(0.06717545 0.06717545 0.01)
(0.06967545 0.06717545 0.01)
(0.07217545 0.06717545 0.01)
(0.07467545 0.06717545 0.01)
(0.07717545 0.06717545 0.01)
(0.07967545 0.06717545 0.01)
(0.08217545 0.06717545 0.01)
(0.08467545 0.06717545 0.01)
(0.08717545 0.06717545 0.01)
(0.08967545 0.06717545 0.01)
(0.09217545 0.06717545 0.01)
(0.09467545 0.06717545 0.01)
(0.09717545 0.06717545 0.01)
(0.09967545 0.06717545 0.01)
(0.10217545 0.06717545 0.01)
(0.10467545 0.06717545 0.01)
(0.10717545 0.06717545 0.01)
(0.10967545 0.06717545 0.01)
(0.11217545 0.06717545 0.01)
(0.11467545 0.06717545 0.01)
(0.11717545 0.06717545 0.01)
(0.11967545 0.06717545 0.01)
(0.12217545 0.06717545 0.01)
(0.12467545 0.06717545 0.01)
(0.12717545 0.06717545 0.01)
(0.12967545 0.06717545 0.01)
(0.13217545 0.06717545 0.01)
(0.13467545 0.06717545 0.01)
(0.13717545 0.06717545 0.01)
(0.13967545 0.06717545 0.01)
(0.14217545 0.06717545 0.01)
(0.14467545 0.06717545 0.01)
(0.14717545 0.06717545 0.01)
(0.14967545 0.06717545 0.01)
(0.15217545 0.06717545 0.01)
(0.15467545 0.06717545 0.01)
(0.15717545 0.06717545 0.01)
(0.15967545 0.06717545 0.01)
(0.16217545 0.06717545 0.01)
(0.16467545 0.06717545 0.01)
(0.16717545 0.06717545 0.01)
(0.068943225 0.068943225 0.01)
(0.071443225 0.068943225 0.01)
(0.073943225 0.068943225 0.01)
(0.076443225 0.068943225 0.01)
(0.078943225 0.068943225 0.01)
(0.081443225 0.068943225 0.01)
(0.083943225 0.068943225 0.01)
(0.086443225 0.068943225 0.01)
(0.088943225 0.068943225 0.01)
(0.091443225 0.068943225 0.01)
(0.093943225 0.068943225 0.01)
(0.096443225 0.068943225 0.01)
(0.098943225 0.068943225 0.01)
(0.101443225 0.068943225 0.01)
(0.103943225 0.068943225 0.01)
(0.106443225 0.068943225 0.01)
(0.108943225 0.068943225 0.01)
(0.111443225 0.068943225 0.01)
(0.113943225 0.068943225 0.01)
(0.116443225 0.068943225 0.01)
(0.118943225 0.068943225 0.01)
(0.121443225 0.068943225 0.01)
(0.123943225 0.068943225 0.01)
(0.126443225 0.068943225 0.01)
(0.128943225 0.068943225 0.01)
(0.131443225 0.068943225 0.01)
(0.133943225 0.068943225 0.01)
(0.136443225 0.068943225 0.01)
(0.138943225 0.068943225 0.01)
(0.141443225 0.068943225 0.01)
(0.143943225 0.068943225 0.01)
(0.146443225 0.068943225 0.01)
(0.148943225 0.068943225 0.01)
(0.151443225 0.068943225 0.01)
(0.153943225 0.068943225 0.01)
(0.156443225 0.068943225 0.01)
(0.158943225 0.068943225 0.01)
(0.161443225 0.068943225 0.01)
(0.163943225 0.068943225 0.01)
(0.166443225 0.068943225 0.01)
(0.168943225 0.068943225 0.01)
(0.070711 0.070711 0.01)
(0.073211 0.070711 0.01)
(0.075711 0.070711 0.01)
(0.078211 0.070711 0.01)
(0.080711 0.070711 0.01)
(0.083211 0.070711 0.01)
(0.085711 0.070711 0.01)
(0.088211 0.070711 0.01)
(0.090711 0.070711 0.01)
(0.093211 0.070711 0.01)
(0.095711 0.070711 0.01)
(0.098211 0.070711 0.01)
(0.100711 0.070711 0.01)
(0.103211 0.070711 0.01)
(0.105711 0.070711 0.01)
(0.108211 0.070711 0.01)
(0.110711 0.070711 0.01)
(0.113211 0.070711 0.01)
(0.115711 0.070711 0.01)
(0.118211 0.070711 0.01)
(0.120711 0.070711 0.01)
(0.123211 0.070711 0.01)
(0.125711 0.070711 0.01)
(0.128211 0.070711 0.01)
(0.130711 0.070711 0.01)
(0.133211 0.070711 0.01)
(0.135711 0.070711 0.01)
(0.138211 0.070711 0.01)
(0.140711 0.070711 0.01)
(0.143211 0.070711 0.01)
(0.145711 0.070711 0.01)
(0.148211 0.070711 0.01)
(0.150711 0.070711 0.01)
(0.153211 0.070711 0.01)
(0.155711 0.070711 0.01)
(0.158211 0.070711 0.01)
(0.160711 0.070711 0.01)
(0.163211 0.070711 0.01)
(0.165711 0.070711 0.01)
(0.168211 0.070711 0.01)
(0.170711 0.070711 0.01)
)


// ************************************************************************* //
