/*--------------------------------*- C++ -*----------------------------------*\
| =========                 |                                                 |
| \\      /  F ield         | OpenFOAM: The Open Source CFD Toolbox           |
|  \\    /   O peration     | Version:  2.2.1                                 |
|   \\  /    A nd           | Web:      www.OpenFOAM.org                      |
|    \\/     M anipulation  |                                                 |
\*---------------------------------------------------------------------------*/
FoamFile
{
    version     2.0;
    format      ascii;
    class       vectorField;
    location    "constant/polyMesh";
    object      points;
}
// * * * * * * * * * * * * * * * * * * * * * * * * * * * * * * * * * * * * * //


2142
(
(0 0 0)
(0.02 0 0)
(0.04 0 0)
(0.06 0 0)
(0.08 0 0)
(0.1 0 0)
(0.12 0 0)
(0.14 0 0)
(0.16 0 0)
(0.18 0 0)
(0.2 0 0)
(0.22 0 0)
(0.24 0 0)
(0.26 0 0)
(0.28 0 0)
(0.3 0 0)
(0.32 0 0)
(0.34 0 0)
(0.36 0 0)
(0.38 0 0)
(0.4 0 0)
(0.42 0 0)
(0.44 0 0)
(0.46 0 0)
(0.48 0 0)
(0.5 0 0)
(0.52 0 0)
(0.54 0 0)
(0.56 0 0)
(0.58 0 0)
(0.6 0 0)
(0.62 0 0)
(0.64 0 0)
(0.66 0 0)
(0.68 0 0)
(0.7 0 0)
(0.72 0 0)
(0.74 0 0)
(0.76 0 0)
(0.78 0 0)
(0.8 0 0)
(0.82 0 0)
(0.84 0 0)
(0.86 0 0)
(0.88 0 0)
(0.9 0 0)
(0.92 0 0)
(0.94 0 0)
(0.96 0 0)
(0.98 0 0)
(1 0 0)
(0 0.005 0)
(0.02 0.005 0)
(0.04 0.005 0)
(0.06 0.005 0)
(0.08 0.005 0)
(0.1 0.005 0)
(0.12 0.005 0)
(0.14 0.005 0)
(0.16 0.005 0)
(0.18 0.005 0)
(0.2 0.005 0)
(0.22 0.005 0)
(0.24 0.005 0)
(0.26 0.005 0)
(0.28 0.005 0)
(0.3 0.005 0)
(0.32 0.005 0)
(0.34 0.005 0)
(0.36 0.005 0)
(0.38 0.005 0)
(0.4 0.005 0)
(0.42 0.005 0)
(0.44 0.005 0)
(0.46 0.005 0)
(0.48 0.005 0)
(0.5 0.005 0)
(0.52 0.005 0)
(0.54 0.005 0)
(0.56 0.005 0)
(0.58 0.005 0)
(0.6 0.005 0)
(0.62 0.005 0)
(0.64 0.005 0)
(0.66 0.005 0)
(0.68 0.005 0)
(0.7 0.005 0)
(0.72 0.005 0)
(0.74 0.005 0)
(0.76 0.005 0)
(0.78 0.005 0)
(0.8 0.005 0)
(0.82 0.005 0)
(0.84 0.005 0)
(0.86 0.005 0)
(0.88 0.005 0)
(0.9 0.005 0)
(0.92 0.005 0)
(0.94 0.005 0)
(0.96 0.005 0)
(0.98 0.005 0)
(1 0.005 0)
(0 0.01 0)
(0.02 0.01 0)
(0.04 0.01 0)
(0.06 0.01 0)
(0.08 0.01 0)
(0.1 0.01 0)
(0.12 0.01 0)
(0.14 0.01 0)
(0.16 0.01 0)
(0.18 0.01 0)
(0.2 0.01 0)
(0.22 0.01 0)
(0.24 0.01 0)
(0.26 0.01 0)
(0.28 0.01 0)
(0.3 0.01 0)
(0.32 0.01 0)
(0.34 0.01 0)
(0.36 0.01 0)
(0.38 0.01 0)
(0.4 0.01 0)
(0.42 0.01 0)
(0.44 0.01 0)
(0.46 0.01 0)
(0.48 0.01 0)
(0.5 0.01 0)
(0.52 0.01 0)
(0.54 0.01 0)
(0.56 0.01 0)
(0.58 0.01 0)
(0.6 0.01 0)
(0.62 0.01 0)
(0.64 0.01 0)
(0.66 0.01 0)
(0.68 0.01 0)
(0.7 0.01 0)
(0.72 0.01 0)
(0.74 0.01 0)
(0.76 0.01 0)
(0.78 0.01 0)
(0.8 0.01 0)
(0.82 0.01 0)
(0.84 0.01 0)
(0.86 0.01 0)
(0.88 0.01 0)
(0.9 0.01 0)
(0.92 0.01 0)
(0.94 0.01 0)
(0.96 0.01 0)
(0.98 0.01 0)
(1 0.01 0)
(0 0.015 0)
(0.02 0.015 0)
(0.04 0.015 0)
(0.06 0.015 0)
(0.08 0.015 0)
(0.1 0.015 0)
(0.12 0.015 0)
(0.14 0.015 0)
(0.16 0.015 0)
(0.18 0.015 0)
(0.2 0.015 0)
(0.22 0.015 0)
(0.24 0.015 0)
(0.26 0.015 0)
(0.28 0.015 0)
(0.3 0.015 0)
(0.32 0.015 0)
(0.34 0.015 0)
(0.36 0.015 0)
(0.38 0.015 0)
(0.4 0.015 0)
(0.42 0.015 0)
(0.44 0.015 0)
(0.46 0.015 0)
(0.48 0.015 0)
(0.5 0.015 0)
(0.52 0.015 0)
(0.54 0.015 0)
(0.56 0.015 0)
(0.58 0.015 0)
(0.6 0.015 0)
(0.62 0.015 0)
(0.64 0.015 0)
(0.66 0.015 0)
(0.68 0.015 0)
(0.7 0.015 0)
(0.72 0.015 0)
(0.74 0.015 0)
(0.76 0.015 0)
(0.78 0.015 0)
(0.8 0.015 0)
(0.82 0.015 0)
(0.84 0.015 0)
(0.86 0.015 0)
(0.88 0.015 0)
(0.9 0.015 0)
(0.92 0.015 0)
(0.94 0.015 0)
(0.96 0.015 0)
(0.98 0.015 0)
(1 0.015 0)
(0 0.02 0)
(0.02 0.02 0)
(0.04 0.02 0)
(0.06 0.02 0)
(0.08 0.02 0)
(0.1 0.02 0)
(0.12 0.02 0)
(0.14 0.02 0)
(0.16 0.02 0)
(0.18 0.02 0)
(0.2 0.02 0)
(0.22 0.02 0)
(0.24 0.02 0)
(0.26 0.02 0)
(0.28 0.02 0)
(0.3 0.02 0)
(0.32 0.02 0)
(0.34 0.02 0)
(0.36 0.02 0)
(0.38 0.02 0)
(0.4 0.02 0)
(0.42 0.02 0)
(0.44 0.02 0)
(0.46 0.02 0)
(0.48 0.02 0)
(0.5 0.02 0)
(0.52 0.02 0)
(0.54 0.02 0)
(0.56 0.02 0)
(0.58 0.02 0)
(0.6 0.02 0)
(0.62 0.02 0)
(0.64 0.02 0)
(0.66 0.02 0)
(0.68 0.02 0)
(0.7 0.02 0)
(0.72 0.02 0)
(0.74 0.02 0)
(0.76 0.02 0)
(0.78 0.02 0)
(0.8 0.02 0)
(0.82 0.02 0)
(0.84 0.02 0)
(0.86 0.02 0)
(0.88 0.02 0)
(0.9 0.02 0)
(0.92 0.02 0)
(0.94 0.02 0)
(0.96 0.02 0)
(0.98 0.02 0)
(1 0.02 0)
(0 0.025 0)
(0.02 0.025 0)
(0.04 0.025 0)
(0.06 0.025 0)
(0.08 0.025 0)
(0.1 0.025 0)
(0.12 0.025 0)
(0.14 0.025 0)
(0.16 0.025 0)
(0.18 0.025 0)
(0.2 0.025 0)
(0.22 0.025 0)
(0.24 0.025 0)
(0.26 0.025 0)
(0.28 0.025 0)
(0.3 0.025 0)
(0.32 0.025 0)
(0.34 0.025 0)
(0.36 0.025 0)
(0.38 0.025 0)
(0.4 0.025 0)
(0.42 0.025 0)
(0.44 0.025 0)
(0.46 0.025 0)
(0.48 0.025 0)
(0.5 0.025 0)
(0.52 0.025 0)
(0.54 0.025 0)
(0.56 0.025 0)
(0.58 0.025 0)
(0.6 0.025 0)
(0.62 0.025 0)
(0.64 0.025 0)
(0.66 0.025 0)
(0.68 0.025 0)
(0.7 0.025 0)
(0.72 0.025 0)
(0.74 0.025 0)
(0.76 0.025 0)
(0.78 0.025 0)
(0.8 0.025 0)
(0.82 0.025 0)
(0.84 0.025 0)
(0.86 0.025 0)
(0.88 0.025 0)
(0.9 0.025 0)
(0.92 0.025 0)
(0.94 0.025 0)
(0.96 0.025 0)
(0.98 0.025 0)
(1 0.025 0)
(0 0.03 0)
(0.02 0.03 0)
(0.04 0.03 0)
(0.06 0.03 0)
(0.08 0.03 0)
(0.1 0.03 0)
(0.12 0.03 0)
(0.14 0.03 0)
(0.16 0.03 0)
(0.18 0.03 0)
(0.2 0.03 0)
(0.22 0.03 0)
(0.24 0.03 0)
(0.26 0.03 0)
(0.28 0.03 0)
(0.3 0.03 0)
(0.32 0.03 0)
(0.34 0.03 0)
(0.36 0.03 0)
(0.38 0.03 0)
(0.4 0.03 0)
(0.42 0.03 0)
(0.44 0.03 0)
(0.46 0.03 0)
(0.48 0.03 0)
(0.5 0.03 0)
(0.52 0.03 0)
(0.54 0.03 0)
(0.56 0.03 0)
(0.58 0.03 0)
(0.6 0.03 0)
(0.62 0.03 0)
(0.64 0.03 0)
(0.66 0.03 0)
(0.68 0.03 0)
(0.7 0.03 0)
(0.72 0.03 0)
(0.74 0.03 0)
(0.76 0.03 0)
(0.78 0.03 0)
(0.8 0.03 0)
(0.82 0.03 0)
(0.84 0.03 0)
(0.86 0.03 0)
(0.88 0.03 0)
(0.9 0.03 0)
(0.92 0.03 0)
(0.94 0.03 0)
(0.96 0.03 0)
(0.98 0.03 0)
(1 0.03 0)
(0 0.035 0)
(0.02 0.035 0)
(0.04 0.035 0)
(0.06 0.035 0)
(0.08 0.035 0)
(0.1 0.035 0)
(0.12 0.035 0)
(0.14 0.035 0)
(0.16 0.035 0)
(0.18 0.035 0)
(0.2 0.035 0)
(0.22 0.035 0)
(0.24 0.035 0)
(0.26 0.035 0)
(0.28 0.035 0)
(0.3 0.035 0)
(0.32 0.035 0)
(0.34 0.035 0)
(0.36 0.035 0)
(0.38 0.035 0)
(0.4 0.035 0)
(0.42 0.035 0)
(0.44 0.035 0)
(0.46 0.035 0)
(0.48 0.035 0)
(0.5 0.035 0)
(0.52 0.035 0)
(0.54 0.035 0)
(0.56 0.035 0)
(0.58 0.035 0)
(0.6 0.035 0)
(0.62 0.035 0)
(0.64 0.035 0)
(0.66 0.035 0)
(0.68 0.035 0)
(0.7 0.035 0)
(0.72 0.035 0)
(0.74 0.035 0)
(0.76 0.035 0)
(0.78 0.035 0)
(0.8 0.035 0)
(0.82 0.035 0)
(0.84 0.035 0)
(0.86 0.035 0)
(0.88 0.035 0)
(0.9 0.035 0)
(0.92 0.035 0)
(0.94 0.035 0)
(0.96 0.035 0)
(0.98 0.035 0)
(1 0.035 0)
(0 0.04 0)
(0.02 0.04 0)
(0.04 0.04 0)
(0.06 0.04 0)
(0.08 0.04 0)
(0.1 0.04 0)
(0.12 0.04 0)
(0.14 0.04 0)
(0.16 0.04 0)
(0.18 0.04 0)
(0.2 0.04 0)
(0.22 0.04 0)
(0.24 0.04 0)
(0.26 0.04 0)
(0.28 0.04 0)
(0.3 0.04 0)
(0.32 0.04 0)
(0.34 0.04 0)
(0.36 0.04 0)
(0.38 0.04 0)
(0.4 0.04 0)
(0.42 0.04 0)
(0.44 0.04 0)
(0.46 0.04 0)
(0.48 0.04 0)
(0.5 0.04 0)
(0.52 0.04 0)
(0.54 0.04 0)
(0.56 0.04 0)
(0.58 0.04 0)
(0.6 0.04 0)
(0.62 0.04 0)
(0.64 0.04 0)
(0.66 0.04 0)
(0.68 0.04 0)
(0.7 0.04 0)
(0.72 0.04 0)
(0.74 0.04 0)
(0.76 0.04 0)
(0.78 0.04 0)
(0.8 0.04 0)
(0.82 0.04 0)
(0.84 0.04 0)
(0.86 0.04 0)
(0.88 0.04 0)
(0.9 0.04 0)
(0.92 0.04 0)
(0.94 0.04 0)
(0.96 0.04 0)
(0.98 0.04 0)
(1 0.04 0)
(0 0.045 0)
(0.02 0.045 0)
(0.04 0.045 0)
(0.06 0.045 0)
(0.08 0.045 0)
(0.1 0.045 0)
(0.12 0.045 0)
(0.14 0.045 0)
(0.16 0.045 0)
(0.18 0.045 0)
(0.2 0.045 0)
(0.22 0.045 0)
(0.24 0.045 0)
(0.26 0.045 0)
(0.28 0.045 0)
(0.3 0.045 0)
(0.32 0.045 0)
(0.34 0.045 0)
(0.36 0.045 0)
(0.38 0.045 0)
(0.4 0.045 0)
(0.42 0.045 0)
(0.44 0.045 0)
(0.46 0.045 0)
(0.48 0.045 0)
(0.5 0.045 0)
(0.52 0.045 0)
(0.54 0.045 0)
(0.56 0.045 0)
(0.58 0.045 0)
(0.6 0.045 0)
(0.62 0.045 0)
(0.64 0.045 0)
(0.66 0.045 0)
(0.68 0.045 0)
(0.7 0.045 0)
(0.72 0.045 0)
(0.74 0.045 0)
(0.76 0.045 0)
(0.78 0.045 0)
(0.8 0.045 0)
(0.82 0.045 0)
(0.84 0.045 0)
(0.86 0.045 0)
(0.88 0.045 0)
(0.9 0.045 0)
(0.92 0.045 0)
(0.94 0.045 0)
(0.96 0.045 0)
(0.98 0.045 0)
(1 0.045 0)
(0 0.05 0)
(0.02 0.05 0)
(0.04 0.05 0)
(0.06 0.05 0)
(0.08 0.05 0)
(0.1 0.05 0)
(0.12 0.05 0)
(0.14 0.05 0)
(0.16 0.05 0)
(0.18 0.05 0)
(0.2 0.05 0)
(0.22 0.05 0)
(0.24 0.05 0)
(0.26 0.05 0)
(0.28 0.05 0)
(0.3 0.05 0)
(0.32 0.05 0)
(0.34 0.05 0)
(0.36 0.05 0)
(0.38 0.05 0)
(0.4 0.05 0)
(0.42 0.05 0)
(0.44 0.05 0)
(0.46 0.05 0)
(0.48 0.05 0)
(0.5 0.05 0)
(0.52 0.05 0)
(0.54 0.05 0)
(0.56 0.05 0)
(0.58 0.05 0)
(0.6 0.05 0)
(0.62 0.05 0)
(0.64 0.05 0)
(0.66 0.05 0)
(0.68 0.05 0)
(0.7 0.05 0)
(0.72 0.05 0)
(0.74 0.05 0)
(0.76 0.05 0)
(0.78 0.05 0)
(0.8 0.05 0)
(0.82 0.05 0)
(0.84 0.05 0)
(0.86 0.05 0)
(0.88 0.05 0)
(0.9 0.05 0)
(0.92 0.05 0)
(0.94 0.05 0)
(0.96 0.05 0)
(0.98 0.05 0)
(1 0.05 0)
(0 0.055 0)
(0.02 0.055 0)
(0.04 0.055 0)
(0.06 0.055 0)
(0.08 0.055 0)
(0.1 0.055 0)
(0.12 0.055 0)
(0.14 0.055 0)
(0.16 0.055 0)
(0.18 0.055 0)
(0.2 0.055 0)
(0.22 0.055 0)
(0.24 0.055 0)
(0.26 0.055 0)
(0.28 0.055 0)
(0.3 0.055 0)
(0.32 0.055 0)
(0.34 0.055 0)
(0.36 0.055 0)
(0.38 0.055 0)
(0.4 0.055 0)
(0.42 0.055 0)
(0.44 0.055 0)
(0.46 0.055 0)
(0.48 0.055 0)
(0.5 0.055 0)
(0.52 0.055 0)
(0.54 0.055 0)
(0.56 0.055 0)
(0.58 0.055 0)
(0.6 0.055 0)
(0.62 0.055 0)
(0.64 0.055 0)
(0.66 0.055 0)
(0.68 0.055 0)
(0.7 0.055 0)
(0.72 0.055 0)
(0.74 0.055 0)
(0.76 0.055 0)
(0.78 0.055 0)
(0.8 0.055 0)
(0.82 0.055 0)
(0.84 0.055 0)
(0.86 0.055 0)
(0.88 0.055 0)
(0.9 0.055 0)
(0.92 0.055 0)
(0.94 0.055 0)
(0.96 0.055 0)
(0.98 0.055 0)
(1 0.055 0)
(0 0.06 0)
(0.02 0.06 0)
(0.04 0.06 0)
(0.06 0.06 0)
(0.08 0.06 0)
(0.1 0.06 0)
(0.12 0.06 0)
(0.14 0.06 0)
(0.16 0.06 0)
(0.18 0.06 0)
(0.2 0.06 0)
(0.22 0.06 0)
(0.24 0.06 0)
(0.26 0.06 0)
(0.28 0.06 0)
(0.3 0.06 0)
(0.32 0.06 0)
(0.34 0.06 0)
(0.36 0.06 0)
(0.38 0.06 0)
(0.4 0.06 0)
(0.42 0.06 0)
(0.44 0.06 0)
(0.46 0.06 0)
(0.48 0.06 0)
(0.5 0.06 0)
(0.52 0.06 0)
(0.54 0.06 0)
(0.56 0.06 0)
(0.58 0.06 0)
(0.6 0.06 0)
(0.62 0.06 0)
(0.64 0.06 0)
(0.66 0.06 0)
(0.68 0.06 0)
(0.7 0.06 0)
(0.72 0.06 0)
(0.74 0.06 0)
(0.76 0.06 0)
(0.78 0.06 0)
(0.8 0.06 0)
(0.82 0.06 0)
(0.84 0.06 0)
(0.86 0.06 0)
(0.88 0.06 0)
(0.9 0.06 0)
(0.92 0.06 0)
(0.94 0.06 0)
(0.96 0.06 0)
(0.98 0.06 0)
(1 0.06 0)
(0 0.065 0)
(0.02 0.065 0)
(0.04 0.065 0)
(0.06 0.065 0)
(0.08 0.065 0)
(0.1 0.065 0)
(0.12 0.065 0)
(0.14 0.065 0)
(0.16 0.065 0)
(0.18 0.065 0)
(0.2 0.065 0)
(0.22 0.065 0)
(0.24 0.065 0)
(0.26 0.065 0)
(0.28 0.065 0)
(0.3 0.065 0)
(0.32 0.065 0)
(0.34 0.065 0)
(0.36 0.065 0)
(0.38 0.065 0)
(0.4 0.065 0)
(0.42 0.065 0)
(0.44 0.065 0)
(0.46 0.065 0)
(0.48 0.065 0)
(0.5 0.065 0)
(0.52 0.065 0)
(0.54 0.065 0)
(0.56 0.065 0)
(0.58 0.065 0)
(0.6 0.065 0)
(0.62 0.065 0)
(0.64 0.065 0)
(0.66 0.065 0)
(0.68 0.065 0)
(0.7 0.065 0)
(0.72 0.065 0)
(0.74 0.065 0)
(0.76 0.065 0)
(0.78 0.065 0)
(0.8 0.065 0)
(0.82 0.065 0)
(0.84 0.065 0)
(0.86 0.065 0)
(0.88 0.065 0)
(0.9 0.065 0)
(0.92 0.065 0)
(0.94 0.065 0)
(0.96 0.065 0)
(0.98 0.065 0)
(1 0.065 0)
(0 0.07 0)
(0.02 0.07 0)
(0.04 0.07 0)
(0.06 0.07 0)
(0.08 0.07 0)
(0.1 0.07 0)
(0.12 0.07 0)
(0.14 0.07 0)
(0.16 0.07 0)
(0.18 0.07 0)
(0.2 0.07 0)
(0.22 0.07 0)
(0.24 0.07 0)
(0.26 0.07 0)
(0.28 0.07 0)
(0.3 0.07 0)
(0.32 0.07 0)
(0.34 0.07 0)
(0.36 0.07 0)
(0.38 0.07 0)
(0.4 0.07 0)
(0.42 0.07 0)
(0.44 0.07 0)
(0.46 0.07 0)
(0.48 0.07 0)
(0.5 0.07 0)
(0.52 0.07 0)
(0.54 0.07 0)
(0.56 0.07 0)
(0.58 0.07 0)
(0.6 0.07 0)
(0.62 0.07 0)
(0.64 0.07 0)
(0.66 0.07 0)
(0.68 0.07 0)
(0.7 0.07 0)
(0.72 0.07 0)
(0.74 0.07 0)
(0.76 0.07 0)
(0.78 0.07 0)
(0.8 0.07 0)
(0.82 0.07 0)
(0.84 0.07 0)
(0.86 0.07 0)
(0.88 0.07 0)
(0.9 0.07 0)
(0.92 0.07 0)
(0.94 0.07 0)
(0.96 0.07 0)
(0.98 0.07 0)
(1 0.07 0)
(0 0.075 0)
(0.02 0.075 0)
(0.04 0.075 0)
(0.06 0.075 0)
(0.08 0.075 0)
(0.1 0.075 0)
(0.12 0.075 0)
(0.14 0.075 0)
(0.16 0.075 0)
(0.18 0.075 0)
(0.2 0.075 0)
(0.22 0.075 0)
(0.24 0.075 0)
(0.26 0.075 0)
(0.28 0.075 0)
(0.3 0.075 0)
(0.32 0.075 0)
(0.34 0.075 0)
(0.36 0.075 0)
(0.38 0.075 0)
(0.4 0.075 0)
(0.42 0.075 0)
(0.44 0.075 0)
(0.46 0.075 0)
(0.48 0.075 0)
(0.5 0.075 0)
(0.52 0.075 0)
(0.54 0.075 0)
(0.56 0.075 0)
(0.58 0.075 0)
(0.6 0.075 0)
(0.62 0.075 0)
(0.64 0.075 0)
(0.66 0.075 0)
(0.68 0.075 0)
(0.7 0.075 0)
(0.72 0.075 0)
(0.74 0.075 0)
(0.76 0.075 0)
(0.78 0.075 0)
(0.8 0.075 0)
(0.82 0.075 0)
(0.84 0.075 0)
(0.86 0.075 0)
(0.88 0.075 0)
(0.9 0.075 0)
(0.92 0.075 0)
(0.94 0.075 0)
(0.96 0.075 0)
(0.98 0.075 0)
(1 0.075 0)
(0 0.08 0)
(0.02 0.08 0)
(0.04 0.08 0)
(0.06 0.08 0)
(0.08 0.08 0)
(0.1 0.08 0)
(0.12 0.08 0)
(0.14 0.08 0)
(0.16 0.08 0)
(0.18 0.08 0)
(0.2 0.08 0)
(0.22 0.08 0)
(0.24 0.08 0)
(0.26 0.08 0)
(0.28 0.08 0)
(0.3 0.08 0)
(0.32 0.08 0)
(0.34 0.08 0)
(0.36 0.08 0)
(0.38 0.08 0)
(0.4 0.08 0)
(0.42 0.08 0)
(0.44 0.08 0)
(0.46 0.08 0)
(0.48 0.08 0)
(0.5 0.08 0)
(0.52 0.08 0)
(0.54 0.08 0)
(0.56 0.08 0)
(0.58 0.08 0)
(0.6 0.08 0)
(0.62 0.08 0)
(0.64 0.08 0)
(0.66 0.08 0)
(0.68 0.08 0)
(0.7 0.08 0)
(0.72 0.08 0)
(0.74 0.08 0)
(0.76 0.08 0)
(0.78 0.08 0)
(0.8 0.08 0)
(0.82 0.08 0)
(0.84 0.08 0)
(0.86 0.08 0)
(0.88 0.08 0)
(0.9 0.08 0)
(0.92 0.08 0)
(0.94 0.08 0)
(0.96 0.08 0)
(0.98 0.08 0)
(1 0.08 0)
(0 0.085 0)
(0.02 0.085 0)
(0.04 0.085 0)
(0.06 0.085 0)
(0.08 0.085 0)
(0.1 0.085 0)
(0.12 0.085 0)
(0.14 0.085 0)
(0.16 0.085 0)
(0.18 0.085 0)
(0.2 0.085 0)
(0.22 0.085 0)
(0.24 0.085 0)
(0.26 0.085 0)
(0.28 0.085 0)
(0.3 0.085 0)
(0.32 0.085 0)
(0.34 0.085 0)
(0.36 0.085 0)
(0.38 0.085 0)
(0.4 0.085 0)
(0.42 0.085 0)
(0.44 0.085 0)
(0.46 0.085 0)
(0.48 0.085 0)
(0.5 0.085 0)
(0.52 0.085 0)
(0.54 0.085 0)
(0.56 0.085 0)
(0.58 0.085 0)
(0.6 0.085 0)
(0.62 0.085 0)
(0.64 0.085 0)
(0.66 0.085 0)
(0.68 0.085 0)
(0.7 0.085 0)
(0.72 0.085 0)
(0.74 0.085 0)
(0.76 0.085 0)
(0.78 0.085 0)
(0.8 0.085 0)
(0.82 0.085 0)
(0.84 0.085 0)
(0.86 0.085 0)
(0.88 0.085 0)
(0.9 0.085 0)
(0.92 0.085 0)
(0.94 0.085 0)
(0.96 0.085 0)
(0.98 0.085 0)
(1 0.085 0)
(0 0.09 0)
(0.02 0.09 0)
(0.04 0.09 0)
(0.06 0.09 0)
(0.08 0.09 0)
(0.1 0.09 0)
(0.12 0.09 0)
(0.14 0.09 0)
(0.16 0.09 0)
(0.18 0.09 0)
(0.2 0.09 0)
(0.22 0.09 0)
(0.24 0.09 0)
(0.26 0.09 0)
(0.28 0.09 0)
(0.3 0.09 0)
(0.32 0.09 0)
(0.34 0.09 0)
(0.36 0.09 0)
(0.38 0.09 0)
(0.4 0.09 0)
(0.42 0.09 0)
(0.44 0.09 0)
(0.46 0.09 0)
(0.48 0.09 0)
(0.5 0.09 0)
(0.52 0.09 0)
(0.54 0.09 0)
(0.56 0.09 0)
(0.58 0.09 0)
(0.6 0.09 0)
(0.62 0.09 0)
(0.64 0.09 0)
(0.66 0.09 0)
(0.68 0.09 0)
(0.7 0.09 0)
(0.72 0.09 0)
(0.74 0.09 0)
(0.76 0.09 0)
(0.78 0.09 0)
(0.8 0.09 0)
(0.82 0.09 0)
(0.84 0.09 0)
(0.86 0.09 0)
(0.88 0.09 0)
(0.9 0.09 0)
(0.92 0.09 0)
(0.94 0.09 0)
(0.96 0.09 0)
(0.98 0.09 0)
(1 0.09 0)
(0 0.095 0)
(0.02 0.095 0)
(0.04 0.095 0)
(0.06 0.095 0)
(0.08 0.095 0)
(0.1 0.095 0)
(0.12 0.095 0)
(0.14 0.095 0)
(0.16 0.095 0)
(0.18 0.095 0)
(0.2 0.095 0)
(0.22 0.095 0)
(0.24 0.095 0)
(0.26 0.095 0)
(0.28 0.095 0)
(0.3 0.095 0)
(0.32 0.095 0)
(0.34 0.095 0)
(0.36 0.095 0)
(0.38 0.095 0)
(0.4 0.095 0)
(0.42 0.095 0)
(0.44 0.095 0)
(0.46 0.095 0)
(0.48 0.095 0)
(0.5 0.095 0)
(0.52 0.095 0)
(0.54 0.095 0)
(0.56 0.095 0)
(0.58 0.095 0)
(0.6 0.095 0)
(0.62 0.095 0)
(0.64 0.095 0)
(0.66 0.095 0)
(0.68 0.095 0)
(0.7 0.095 0)
(0.72 0.095 0)
(0.74 0.095 0)
(0.76 0.095 0)
(0.78 0.095 0)
(0.8 0.095 0)
(0.82 0.095 0)
(0.84 0.095 0)
(0.86 0.095 0)
(0.88 0.095 0)
(0.9 0.095 0)
(0.92 0.095 0)
(0.94 0.095 0)
(0.96 0.095 0)
(0.98 0.095 0)
(1 0.095 0)
(0 0.1 0)
(0.02 0.1 0)
(0.04 0.1 0)
(0.06 0.1 0)
(0.08 0.1 0)
(0.1 0.1 0)
(0.12 0.1 0)
(0.14 0.1 0)
(0.16 0.1 0)
(0.18 0.1 0)
(0.2 0.1 0)
(0.22 0.1 0)
(0.24 0.1 0)
(0.26 0.1 0)
(0.28 0.1 0)
(0.3 0.1 0)
(0.32 0.1 0)
(0.34 0.1 0)
(0.36 0.1 0)
(0.38 0.1 0)
(0.4 0.1 0)
(0.42 0.1 0)
(0.44 0.1 0)
(0.46 0.1 0)
(0.48 0.1 0)
(0.5 0.1 0)
(0.52 0.1 0)
(0.54 0.1 0)
(0.56 0.1 0)
(0.58 0.1 0)
(0.6 0.1 0)
(0.62 0.1 0)
(0.64 0.1 0)
(0.66 0.1 0)
(0.68 0.1 0)
(0.7 0.1 0)
(0.72 0.1 0)
(0.74 0.1 0)
(0.76 0.1 0)
(0.78 0.1 0)
(0.8 0.1 0)
(0.82 0.1 0)
(0.84 0.1 0)
(0.86 0.1 0)
(0.88 0.1 0)
(0.9 0.1 0)
(0.92 0.1 0)
(0.94 0.1 0)
(0.96 0.1 0)
(0.98 0.1 0)
(1 0.1 0)
(0 0 0.01)
(0.02 0 0.01)
(0.04 0 0.01)
(0.06 0 0.01)
(0.08 0 0.01)
(0.1 0 0.01)
(0.12 0 0.01)
(0.14 0 0.01)
(0.16 0 0.01)
(0.18 0 0.01)
(0.2 0 0.01)
(0.22 0 0.01)
(0.24 0 0.01)
(0.26 0 0.01)
(0.28 0 0.01)
(0.3 0 0.01)
(0.32 0 0.01)
(0.34 0 0.01)
(0.36 0 0.01)
(0.38 0 0.01)
(0.4 0 0.01)
(0.42 0 0.01)
(0.44 0 0.01)
(0.46 0 0.01)
(0.48 0 0.01)
(0.5 0 0.01)
(0.52 0 0.01)
(0.54 0 0.01)
(0.56 0 0.01)
(0.58 0 0.01)
(0.6 0 0.01)
(0.62 0 0.01)
(0.64 0 0.01)
(0.66 0 0.01)
(0.68 0 0.01)
(0.7 0 0.01)
(0.72 0 0.01)
(0.74 0 0.01)
(0.76 0 0.01)
(0.78 0 0.01)
(0.8 0 0.01)
(0.82 0 0.01)
(0.84 0 0.01)
(0.86 0 0.01)
(0.88 0 0.01)
(0.9 0 0.01)
(0.92 0 0.01)
(0.94 0 0.01)
(0.96 0 0.01)
(0.98 0 0.01)
(1 0 0.01)
(0 0.005 0.01)
(0.02 0.005 0.01)
(0.04 0.005 0.01)
(0.06 0.005 0.01)
(0.08 0.005 0.01)
(0.1 0.005 0.01)
(0.12 0.005 0.01)
(0.14 0.005 0.01)
(0.16 0.005 0.01)
(0.18 0.005 0.01)
(0.2 0.005 0.01)
(0.22 0.005 0.01)
(0.24 0.005 0.01)
(0.26 0.005 0.01)
(0.28 0.005 0.01)
(0.3 0.005 0.01)
(0.32 0.005 0.01)
(0.34 0.005 0.01)
(0.36 0.005 0.01)
(0.38 0.005 0.01)
(0.4 0.005 0.01)
(0.42 0.005 0.01)
(0.44 0.005 0.01)
(0.46 0.005 0.01)
(0.48 0.005 0.01)
(0.5 0.005 0.01)
(0.52 0.005 0.01)
(0.54 0.005 0.01)
(0.56 0.005 0.01)
(0.58 0.005 0.01)
(0.6 0.005 0.01)
(0.62 0.005 0.01)
(0.64 0.005 0.01)
(0.66 0.005 0.01)
(0.68 0.005 0.01)
(0.7 0.005 0.01)
(0.72 0.005 0.01)
(0.74 0.005 0.01)
(0.76 0.005 0.01)
(0.78 0.005 0.01)
(0.8 0.005 0.01)
(0.82 0.005 0.01)
(0.84 0.005 0.01)
(0.86 0.005 0.01)
(0.88 0.005 0.01)
(0.9 0.005 0.01)
(0.92 0.005 0.01)
(0.94 0.005 0.01)
(0.96 0.005 0.01)
(0.98 0.005 0.01)
(1 0.005 0.01)
(0 0.01 0.01)
(0.02 0.01 0.01)
(0.04 0.01 0.01)
(0.06 0.01 0.01)
(0.08 0.01 0.01)
(0.1 0.01 0.01)
(0.12 0.01 0.01)
(0.14 0.01 0.01)
(0.16 0.01 0.01)
(0.18 0.01 0.01)
(0.2 0.01 0.01)
(0.22 0.01 0.01)
(0.24 0.01 0.01)
(0.26 0.01 0.01)
(0.28 0.01 0.01)
(0.3 0.01 0.01)
(0.32 0.01 0.01)
(0.34 0.01 0.01)
(0.36 0.01 0.01)
(0.38 0.01 0.01)
(0.4 0.01 0.01)
(0.42 0.01 0.01)
(0.44 0.01 0.01)
(0.46 0.01 0.01)
(0.48 0.01 0.01)
(0.5 0.01 0.01)
(0.52 0.01 0.01)
(0.54 0.01 0.01)
(0.56 0.01 0.01)
(0.58 0.01 0.01)
(0.6 0.01 0.01)
(0.62 0.01 0.01)
(0.64 0.01 0.01)
(0.66 0.01 0.01)
(0.68 0.01 0.01)
(0.7 0.01 0.01)
(0.72 0.01 0.01)
(0.74 0.01 0.01)
(0.76 0.01 0.01)
(0.78 0.01 0.01)
(0.8 0.01 0.01)
(0.82 0.01 0.01)
(0.84 0.01 0.01)
(0.86 0.01 0.01)
(0.88 0.01 0.01)
(0.9 0.01 0.01)
(0.92 0.01 0.01)
(0.94 0.01 0.01)
(0.96 0.01 0.01)
(0.98 0.01 0.01)
(1 0.01 0.01)
(0 0.015 0.01)
(0.02 0.015 0.01)
(0.04 0.015 0.01)
(0.06 0.015 0.01)
(0.08 0.015 0.01)
(0.1 0.015 0.01)
(0.12 0.015 0.01)
(0.14 0.015 0.01)
(0.16 0.015 0.01)
(0.18 0.015 0.01)
(0.2 0.015 0.01)
(0.22 0.015 0.01)
(0.24 0.015 0.01)
(0.26 0.015 0.01)
(0.28 0.015 0.01)
(0.3 0.015 0.01)
(0.32 0.015 0.01)
(0.34 0.015 0.01)
(0.36 0.015 0.01)
(0.38 0.015 0.01)
(0.4 0.015 0.01)
(0.42 0.015 0.01)
(0.44 0.015 0.01)
(0.46 0.015 0.01)
(0.48 0.015 0.01)
(0.5 0.015 0.01)
(0.52 0.015 0.01)
(0.54 0.015 0.01)
(0.56 0.015 0.01)
(0.58 0.015 0.01)
(0.6 0.015 0.01)
(0.62 0.015 0.01)
(0.64 0.015 0.01)
(0.66 0.015 0.01)
(0.68 0.015 0.01)
(0.7 0.015 0.01)
(0.72 0.015 0.01)
(0.74 0.015 0.01)
(0.76 0.015 0.01)
(0.78 0.015 0.01)
(0.8 0.015 0.01)
(0.82 0.015 0.01)
(0.84 0.015 0.01)
(0.86 0.015 0.01)
(0.88 0.015 0.01)
(0.9 0.015 0.01)
(0.92 0.015 0.01)
(0.94 0.015 0.01)
(0.96 0.015 0.01)
(0.98 0.015 0.01)
(1 0.015 0.01)
(0 0.02 0.01)
(0.02 0.02 0.01)
(0.04 0.02 0.01)
(0.06 0.02 0.01)
(0.08 0.02 0.01)
(0.1 0.02 0.01)
(0.12 0.02 0.01)
(0.14 0.02 0.01)
(0.16 0.02 0.01)
(0.18 0.02 0.01)
(0.2 0.02 0.01)
(0.22 0.02 0.01)
(0.24 0.02 0.01)
(0.26 0.02 0.01)
(0.28 0.02 0.01)
(0.3 0.02 0.01)
(0.32 0.02 0.01)
(0.34 0.02 0.01)
(0.36 0.02 0.01)
(0.38 0.02 0.01)
(0.4 0.02 0.01)
(0.42 0.02 0.01)
(0.44 0.02 0.01)
(0.46 0.02 0.01)
(0.48 0.02 0.01)
(0.5 0.02 0.01)
(0.52 0.02 0.01)
(0.54 0.02 0.01)
(0.56 0.02 0.01)
(0.58 0.02 0.01)
(0.6 0.02 0.01)
(0.62 0.02 0.01)
(0.64 0.02 0.01)
(0.66 0.02 0.01)
(0.68 0.02 0.01)
(0.7 0.02 0.01)
(0.72 0.02 0.01)
(0.74 0.02 0.01)
(0.76 0.02 0.01)
(0.78 0.02 0.01)
(0.8 0.02 0.01)
(0.82 0.02 0.01)
(0.84 0.02 0.01)
(0.86 0.02 0.01)
(0.88 0.02 0.01)
(0.9 0.02 0.01)
(0.92 0.02 0.01)
(0.94 0.02 0.01)
(0.96 0.02 0.01)
(0.98 0.02 0.01)
(1 0.02 0.01)
(0 0.025 0.01)
(0.02 0.025 0.01)
(0.04 0.025 0.01)
(0.06 0.025 0.01)
(0.08 0.025 0.01)
(0.1 0.025 0.01)
(0.12 0.025 0.01)
(0.14 0.025 0.01)
(0.16 0.025 0.01)
(0.18 0.025 0.01)
(0.2 0.025 0.01)
(0.22 0.025 0.01)
(0.24 0.025 0.01)
(0.26 0.025 0.01)
(0.28 0.025 0.01)
(0.3 0.025 0.01)
(0.32 0.025 0.01)
(0.34 0.025 0.01)
(0.36 0.025 0.01)
(0.38 0.025 0.01)
(0.4 0.025 0.01)
(0.42 0.025 0.01)
(0.44 0.025 0.01)
(0.46 0.025 0.01)
(0.48 0.025 0.01)
(0.5 0.025 0.01)
(0.52 0.025 0.01)
(0.54 0.025 0.01)
(0.56 0.025 0.01)
(0.58 0.025 0.01)
(0.6 0.025 0.01)
(0.62 0.025 0.01)
(0.64 0.025 0.01)
(0.66 0.025 0.01)
(0.68 0.025 0.01)
(0.7 0.025 0.01)
(0.72 0.025 0.01)
(0.74 0.025 0.01)
(0.76 0.025 0.01)
(0.78 0.025 0.01)
(0.8 0.025 0.01)
(0.82 0.025 0.01)
(0.84 0.025 0.01)
(0.86 0.025 0.01)
(0.88 0.025 0.01)
(0.9 0.025 0.01)
(0.92 0.025 0.01)
(0.94 0.025 0.01)
(0.96 0.025 0.01)
(0.98 0.025 0.01)
(1 0.025 0.01)
(0 0.03 0.01)
(0.02 0.03 0.01)
(0.04 0.03 0.01)
(0.06 0.03 0.01)
(0.08 0.03 0.01)
(0.1 0.03 0.01)
(0.12 0.03 0.01)
(0.14 0.03 0.01)
(0.16 0.03 0.01)
(0.18 0.03 0.01)
(0.2 0.03 0.01)
(0.22 0.03 0.01)
(0.24 0.03 0.01)
(0.26 0.03 0.01)
(0.28 0.03 0.01)
(0.3 0.03 0.01)
(0.32 0.03 0.01)
(0.34 0.03 0.01)
(0.36 0.03 0.01)
(0.38 0.03 0.01)
(0.4 0.03 0.01)
(0.42 0.03 0.01)
(0.44 0.03 0.01)
(0.46 0.03 0.01)
(0.48 0.03 0.01)
(0.5 0.03 0.01)
(0.52 0.03 0.01)
(0.54 0.03 0.01)
(0.56 0.03 0.01)
(0.58 0.03 0.01)
(0.6 0.03 0.01)
(0.62 0.03 0.01)
(0.64 0.03 0.01)
(0.66 0.03 0.01)
(0.68 0.03 0.01)
(0.7 0.03 0.01)
(0.72 0.03 0.01)
(0.74 0.03 0.01)
(0.76 0.03 0.01)
(0.78 0.03 0.01)
(0.8 0.03 0.01)
(0.82 0.03 0.01)
(0.84 0.03 0.01)
(0.86 0.03 0.01)
(0.88 0.03 0.01)
(0.9 0.03 0.01)
(0.92 0.03 0.01)
(0.94 0.03 0.01)
(0.96 0.03 0.01)
(0.98 0.03 0.01)
(1 0.03 0.01)
(0 0.035 0.01)
(0.02 0.035 0.01)
(0.04 0.035 0.01)
(0.06 0.035 0.01)
(0.08 0.035 0.01)
(0.1 0.035 0.01)
(0.12 0.035 0.01)
(0.14 0.035 0.01)
(0.16 0.035 0.01)
(0.18 0.035 0.01)
(0.2 0.035 0.01)
(0.22 0.035 0.01)
(0.24 0.035 0.01)
(0.26 0.035 0.01)
(0.28 0.035 0.01)
(0.3 0.035 0.01)
(0.32 0.035 0.01)
(0.34 0.035 0.01)
(0.36 0.035 0.01)
(0.38 0.035 0.01)
(0.4 0.035 0.01)
(0.42 0.035 0.01)
(0.44 0.035 0.01)
(0.46 0.035 0.01)
(0.48 0.035 0.01)
(0.5 0.035 0.01)
(0.52 0.035 0.01)
(0.54 0.035 0.01)
(0.56 0.035 0.01)
(0.58 0.035 0.01)
(0.6 0.035 0.01)
(0.62 0.035 0.01)
(0.64 0.035 0.01)
(0.66 0.035 0.01)
(0.68 0.035 0.01)
(0.7 0.035 0.01)
(0.72 0.035 0.01)
(0.74 0.035 0.01)
(0.76 0.035 0.01)
(0.78 0.035 0.01)
(0.8 0.035 0.01)
(0.82 0.035 0.01)
(0.84 0.035 0.01)
(0.86 0.035 0.01)
(0.88 0.035 0.01)
(0.9 0.035 0.01)
(0.92 0.035 0.01)
(0.94 0.035 0.01)
(0.96 0.035 0.01)
(0.98 0.035 0.01)
(1 0.035 0.01)
(0 0.04 0.01)
(0.02 0.04 0.01)
(0.04 0.04 0.01)
(0.06 0.04 0.01)
(0.08 0.04 0.01)
(0.1 0.04 0.01)
(0.12 0.04 0.01)
(0.14 0.04 0.01)
(0.16 0.04 0.01)
(0.18 0.04 0.01)
(0.2 0.04 0.01)
(0.22 0.04 0.01)
(0.24 0.04 0.01)
(0.26 0.04 0.01)
(0.28 0.04 0.01)
(0.3 0.04 0.01)
(0.32 0.04 0.01)
(0.34 0.04 0.01)
(0.36 0.04 0.01)
(0.38 0.04 0.01)
(0.4 0.04 0.01)
(0.42 0.04 0.01)
(0.44 0.04 0.01)
(0.46 0.04 0.01)
(0.48 0.04 0.01)
(0.5 0.04 0.01)
(0.52 0.04 0.01)
(0.54 0.04 0.01)
(0.56 0.04 0.01)
(0.58 0.04 0.01)
(0.6 0.04 0.01)
(0.62 0.04 0.01)
(0.64 0.04 0.01)
(0.66 0.04 0.01)
(0.68 0.04 0.01)
(0.7 0.04 0.01)
(0.72 0.04 0.01)
(0.74 0.04 0.01)
(0.76 0.04 0.01)
(0.78 0.04 0.01)
(0.8 0.04 0.01)
(0.82 0.04 0.01)
(0.84 0.04 0.01)
(0.86 0.04 0.01)
(0.88 0.04 0.01)
(0.9 0.04 0.01)
(0.92 0.04 0.01)
(0.94 0.04 0.01)
(0.96 0.04 0.01)
(0.98 0.04 0.01)
(1 0.04 0.01)
(0 0.045 0.01)
(0.02 0.045 0.01)
(0.04 0.045 0.01)
(0.06 0.045 0.01)
(0.08 0.045 0.01)
(0.1 0.045 0.01)
(0.12 0.045 0.01)
(0.14 0.045 0.01)
(0.16 0.045 0.01)
(0.18 0.045 0.01)
(0.2 0.045 0.01)
(0.22 0.045 0.01)
(0.24 0.045 0.01)
(0.26 0.045 0.01)
(0.28 0.045 0.01)
(0.3 0.045 0.01)
(0.32 0.045 0.01)
(0.34 0.045 0.01)
(0.36 0.045 0.01)
(0.38 0.045 0.01)
(0.4 0.045 0.01)
(0.42 0.045 0.01)
(0.44 0.045 0.01)
(0.46 0.045 0.01)
(0.48 0.045 0.01)
(0.5 0.045 0.01)
(0.52 0.045 0.01)
(0.54 0.045 0.01)
(0.56 0.045 0.01)
(0.58 0.045 0.01)
(0.6 0.045 0.01)
(0.62 0.045 0.01)
(0.64 0.045 0.01)
(0.66 0.045 0.01)
(0.68 0.045 0.01)
(0.7 0.045 0.01)
(0.72 0.045 0.01)
(0.74 0.045 0.01)
(0.76 0.045 0.01)
(0.78 0.045 0.01)
(0.8 0.045 0.01)
(0.82 0.045 0.01)
(0.84 0.045 0.01)
(0.86 0.045 0.01)
(0.88 0.045 0.01)
(0.9 0.045 0.01)
(0.92 0.045 0.01)
(0.94 0.045 0.01)
(0.96 0.045 0.01)
(0.98 0.045 0.01)
(1 0.045 0.01)
(0 0.05 0.01)
(0.02 0.05 0.01)
(0.04 0.05 0.01)
(0.06 0.05 0.01)
(0.08 0.05 0.01)
(0.1 0.05 0.01)
(0.12 0.05 0.01)
(0.14 0.05 0.01)
(0.16 0.05 0.01)
(0.18 0.05 0.01)
(0.2 0.05 0.01)
(0.22 0.05 0.01)
(0.24 0.05 0.01)
(0.26 0.05 0.01)
(0.28 0.05 0.01)
(0.3 0.05 0.01)
(0.32 0.05 0.01)
(0.34 0.05 0.01)
(0.36 0.05 0.01)
(0.38 0.05 0.01)
(0.4 0.05 0.01)
(0.42 0.05 0.01)
(0.44 0.05 0.01)
(0.46 0.05 0.01)
(0.48 0.05 0.01)
(0.5 0.05 0.01)
(0.52 0.05 0.01)
(0.54 0.05 0.01)
(0.56 0.05 0.01)
(0.58 0.05 0.01)
(0.6 0.05 0.01)
(0.62 0.05 0.01)
(0.64 0.05 0.01)
(0.66 0.05 0.01)
(0.68 0.05 0.01)
(0.7 0.05 0.01)
(0.72 0.05 0.01)
(0.74 0.05 0.01)
(0.76 0.05 0.01)
(0.78 0.05 0.01)
(0.8 0.05 0.01)
(0.82 0.05 0.01)
(0.84 0.05 0.01)
(0.86 0.05 0.01)
(0.88 0.05 0.01)
(0.9 0.05 0.01)
(0.92 0.05 0.01)
(0.94 0.05 0.01)
(0.96 0.05 0.01)
(0.98 0.05 0.01)
(1 0.05 0.01)
(0 0.055 0.01)
(0.02 0.055 0.01)
(0.04 0.055 0.01)
(0.06 0.055 0.01)
(0.08 0.055 0.01)
(0.1 0.055 0.01)
(0.12 0.055 0.01)
(0.14 0.055 0.01)
(0.16 0.055 0.01)
(0.18 0.055 0.01)
(0.2 0.055 0.01)
(0.22 0.055 0.01)
(0.24 0.055 0.01)
(0.26 0.055 0.01)
(0.28 0.055 0.01)
(0.3 0.055 0.01)
(0.32 0.055 0.01)
(0.34 0.055 0.01)
(0.36 0.055 0.01)
(0.38 0.055 0.01)
(0.4 0.055 0.01)
(0.42 0.055 0.01)
(0.44 0.055 0.01)
(0.46 0.055 0.01)
(0.48 0.055 0.01)
(0.5 0.055 0.01)
(0.52 0.055 0.01)
(0.54 0.055 0.01)
(0.56 0.055 0.01)
(0.58 0.055 0.01)
(0.6 0.055 0.01)
(0.62 0.055 0.01)
(0.64 0.055 0.01)
(0.66 0.055 0.01)
(0.68 0.055 0.01)
(0.7 0.055 0.01)
(0.72 0.055 0.01)
(0.74 0.055 0.01)
(0.76 0.055 0.01)
(0.78 0.055 0.01)
(0.8 0.055 0.01)
(0.82 0.055 0.01)
(0.84 0.055 0.01)
(0.86 0.055 0.01)
(0.88 0.055 0.01)
(0.9 0.055 0.01)
(0.92 0.055 0.01)
(0.94 0.055 0.01)
(0.96 0.055 0.01)
(0.98 0.055 0.01)
(1 0.055 0.01)
(0 0.06 0.01)
(0.02 0.06 0.01)
(0.04 0.06 0.01)
(0.06 0.06 0.01)
(0.08 0.06 0.01)
(0.1 0.06 0.01)
(0.12 0.06 0.01)
(0.14 0.06 0.01)
(0.16 0.06 0.01)
(0.18 0.06 0.01)
(0.2 0.06 0.01)
(0.22 0.06 0.01)
(0.24 0.06 0.01)
(0.26 0.06 0.01)
(0.28 0.06 0.01)
(0.3 0.06 0.01)
(0.32 0.06 0.01)
(0.34 0.06 0.01)
(0.36 0.06 0.01)
(0.38 0.06 0.01)
(0.4 0.06 0.01)
(0.42 0.06 0.01)
(0.44 0.06 0.01)
(0.46 0.06 0.01)
(0.48 0.06 0.01)
(0.5 0.06 0.01)
(0.52 0.06 0.01)
(0.54 0.06 0.01)
(0.56 0.06 0.01)
(0.58 0.06 0.01)
(0.6 0.06 0.01)
(0.62 0.06 0.01)
(0.64 0.06 0.01)
(0.66 0.06 0.01)
(0.68 0.06 0.01)
(0.7 0.06 0.01)
(0.72 0.06 0.01)
(0.74 0.06 0.01)
(0.76 0.06 0.01)
(0.78 0.06 0.01)
(0.8 0.06 0.01)
(0.82 0.06 0.01)
(0.84 0.06 0.01)
(0.86 0.06 0.01)
(0.88 0.06 0.01)
(0.9 0.06 0.01)
(0.92 0.06 0.01)
(0.94 0.06 0.01)
(0.96 0.06 0.01)
(0.98 0.06 0.01)
(1 0.06 0.01)
(0 0.065 0.01)
(0.02 0.065 0.01)
(0.04 0.065 0.01)
(0.06 0.065 0.01)
(0.08 0.065 0.01)
(0.1 0.065 0.01)
(0.12 0.065 0.01)
(0.14 0.065 0.01)
(0.16 0.065 0.01)
(0.18 0.065 0.01)
(0.2 0.065 0.01)
(0.22 0.065 0.01)
(0.24 0.065 0.01)
(0.26 0.065 0.01)
(0.28 0.065 0.01)
(0.3 0.065 0.01)
(0.32 0.065 0.01)
(0.34 0.065 0.01)
(0.36 0.065 0.01)
(0.38 0.065 0.01)
(0.4 0.065 0.01)
(0.42 0.065 0.01)
(0.44 0.065 0.01)
(0.46 0.065 0.01)
(0.48 0.065 0.01)
(0.5 0.065 0.01)
(0.52 0.065 0.01)
(0.54 0.065 0.01)
(0.56 0.065 0.01)
(0.58 0.065 0.01)
(0.6 0.065 0.01)
(0.62 0.065 0.01)
(0.64 0.065 0.01)
(0.66 0.065 0.01)
(0.68 0.065 0.01)
(0.7 0.065 0.01)
(0.72 0.065 0.01)
(0.74 0.065 0.01)
(0.76 0.065 0.01)
(0.78 0.065 0.01)
(0.8 0.065 0.01)
(0.82 0.065 0.01)
(0.84 0.065 0.01)
(0.86 0.065 0.01)
(0.88 0.065 0.01)
(0.9 0.065 0.01)
(0.92 0.065 0.01)
(0.94 0.065 0.01)
(0.96 0.065 0.01)
(0.98 0.065 0.01)
(1 0.065 0.01)
(0 0.07 0.01)
(0.02 0.07 0.01)
(0.04 0.07 0.01)
(0.06 0.07 0.01)
(0.08 0.07 0.01)
(0.1 0.07 0.01)
(0.12 0.07 0.01)
(0.14 0.07 0.01)
(0.16 0.07 0.01)
(0.18 0.07 0.01)
(0.2 0.07 0.01)
(0.22 0.07 0.01)
(0.24 0.07 0.01)
(0.26 0.07 0.01)
(0.28 0.07 0.01)
(0.3 0.07 0.01)
(0.32 0.07 0.01)
(0.34 0.07 0.01)
(0.36 0.07 0.01)
(0.38 0.07 0.01)
(0.4 0.07 0.01)
(0.42 0.07 0.01)
(0.44 0.07 0.01)
(0.46 0.07 0.01)
(0.48 0.07 0.01)
(0.5 0.07 0.01)
(0.52 0.07 0.01)
(0.54 0.07 0.01)
(0.56 0.07 0.01)
(0.58 0.07 0.01)
(0.6 0.07 0.01)
(0.62 0.07 0.01)
(0.64 0.07 0.01)
(0.66 0.07 0.01)
(0.68 0.07 0.01)
(0.7 0.07 0.01)
(0.72 0.07 0.01)
(0.74 0.07 0.01)
(0.76 0.07 0.01)
(0.78 0.07 0.01)
(0.8 0.07 0.01)
(0.82 0.07 0.01)
(0.84 0.07 0.01)
(0.86 0.07 0.01)
(0.88 0.07 0.01)
(0.9 0.07 0.01)
(0.92 0.07 0.01)
(0.94 0.07 0.01)
(0.96 0.07 0.01)
(0.98 0.07 0.01)
(1 0.07 0.01)
(0 0.075 0.01)
(0.02 0.075 0.01)
(0.04 0.075 0.01)
(0.06 0.075 0.01)
(0.08 0.075 0.01)
(0.1 0.075 0.01)
(0.12 0.075 0.01)
(0.14 0.075 0.01)
(0.16 0.075 0.01)
(0.18 0.075 0.01)
(0.2 0.075 0.01)
(0.22 0.075 0.01)
(0.24 0.075 0.01)
(0.26 0.075 0.01)
(0.28 0.075 0.01)
(0.3 0.075 0.01)
(0.32 0.075 0.01)
(0.34 0.075 0.01)
(0.36 0.075 0.01)
(0.38 0.075 0.01)
(0.4 0.075 0.01)
(0.42 0.075 0.01)
(0.44 0.075 0.01)
(0.46 0.075 0.01)
(0.48 0.075 0.01)
(0.5 0.075 0.01)
(0.52 0.075 0.01)
(0.54 0.075 0.01)
(0.56 0.075 0.01)
(0.58 0.075 0.01)
(0.6 0.075 0.01)
(0.62 0.075 0.01)
(0.64 0.075 0.01)
(0.66 0.075 0.01)
(0.68 0.075 0.01)
(0.7 0.075 0.01)
(0.72 0.075 0.01)
(0.74 0.075 0.01)
(0.76 0.075 0.01)
(0.78 0.075 0.01)
(0.8 0.075 0.01)
(0.82 0.075 0.01)
(0.84 0.075 0.01)
(0.86 0.075 0.01)
(0.88 0.075 0.01)
(0.9 0.075 0.01)
(0.92 0.075 0.01)
(0.94 0.075 0.01)
(0.96 0.075 0.01)
(0.98 0.075 0.01)
(1 0.075 0.01)
(0 0.08 0.01)
(0.02 0.08 0.01)
(0.04 0.08 0.01)
(0.06 0.08 0.01)
(0.08 0.08 0.01)
(0.1 0.08 0.01)
(0.12 0.08 0.01)
(0.14 0.08 0.01)
(0.16 0.08 0.01)
(0.18 0.08 0.01)
(0.2 0.08 0.01)
(0.22 0.08 0.01)
(0.24 0.08 0.01)
(0.26 0.08 0.01)
(0.28 0.08 0.01)
(0.3 0.08 0.01)
(0.32 0.08 0.01)
(0.34 0.08 0.01)
(0.36 0.08 0.01)
(0.38 0.08 0.01)
(0.4 0.08 0.01)
(0.42 0.08 0.01)
(0.44 0.08 0.01)
(0.46 0.08 0.01)
(0.48 0.08 0.01)
(0.5 0.08 0.01)
(0.52 0.08 0.01)
(0.54 0.08 0.01)
(0.56 0.08 0.01)
(0.58 0.08 0.01)
(0.6 0.08 0.01)
(0.62 0.08 0.01)
(0.64 0.08 0.01)
(0.66 0.08 0.01)
(0.68 0.08 0.01)
(0.7 0.08 0.01)
(0.72 0.08 0.01)
(0.74 0.08 0.01)
(0.76 0.08 0.01)
(0.78 0.08 0.01)
(0.8 0.08 0.01)
(0.82 0.08 0.01)
(0.84 0.08 0.01)
(0.86 0.08 0.01)
(0.88 0.08 0.01)
(0.9 0.08 0.01)
(0.92 0.08 0.01)
(0.94 0.08 0.01)
(0.96 0.08 0.01)
(0.98 0.08 0.01)
(1 0.08 0.01)
(0 0.085 0.01)
(0.02 0.085 0.01)
(0.04 0.085 0.01)
(0.06 0.085 0.01)
(0.08 0.085 0.01)
(0.1 0.085 0.01)
(0.12 0.085 0.01)
(0.14 0.085 0.01)
(0.16 0.085 0.01)
(0.18 0.085 0.01)
(0.2 0.085 0.01)
(0.22 0.085 0.01)
(0.24 0.085 0.01)
(0.26 0.085 0.01)
(0.28 0.085 0.01)
(0.3 0.085 0.01)
(0.32 0.085 0.01)
(0.34 0.085 0.01)
(0.36 0.085 0.01)
(0.38 0.085 0.01)
(0.4 0.085 0.01)
(0.42 0.085 0.01)
(0.44 0.085 0.01)
(0.46 0.085 0.01)
(0.48 0.085 0.01)
(0.5 0.085 0.01)
(0.52 0.085 0.01)
(0.54 0.085 0.01)
(0.56 0.085 0.01)
(0.58 0.085 0.01)
(0.6 0.085 0.01)
(0.62 0.085 0.01)
(0.64 0.085 0.01)
(0.66 0.085 0.01)
(0.68 0.085 0.01)
(0.7 0.085 0.01)
(0.72 0.085 0.01)
(0.74 0.085 0.01)
(0.76 0.085 0.01)
(0.78 0.085 0.01)
(0.8 0.085 0.01)
(0.82 0.085 0.01)
(0.84 0.085 0.01)
(0.86 0.085 0.01)
(0.88 0.085 0.01)
(0.9 0.085 0.01)
(0.92 0.085 0.01)
(0.94 0.085 0.01)
(0.96 0.085 0.01)
(0.98 0.085 0.01)
(1 0.085 0.01)
(0 0.09 0.01)
(0.02 0.09 0.01)
(0.04 0.09 0.01)
(0.06 0.09 0.01)
(0.08 0.09 0.01)
(0.1 0.09 0.01)
(0.12 0.09 0.01)
(0.14 0.09 0.01)
(0.16 0.09 0.01)
(0.18 0.09 0.01)
(0.2 0.09 0.01)
(0.22 0.09 0.01)
(0.24 0.09 0.01)
(0.26 0.09 0.01)
(0.28 0.09 0.01)
(0.3 0.09 0.01)
(0.32 0.09 0.01)
(0.34 0.09 0.01)
(0.36 0.09 0.01)
(0.38 0.09 0.01)
(0.4 0.09 0.01)
(0.42 0.09 0.01)
(0.44 0.09 0.01)
(0.46 0.09 0.01)
(0.48 0.09 0.01)
(0.5 0.09 0.01)
(0.52 0.09 0.01)
(0.54 0.09 0.01)
(0.56 0.09 0.01)
(0.58 0.09 0.01)
(0.6 0.09 0.01)
(0.62 0.09 0.01)
(0.64 0.09 0.01)
(0.66 0.09 0.01)
(0.68 0.09 0.01)
(0.7 0.09 0.01)
(0.72 0.09 0.01)
(0.74 0.09 0.01)
(0.76 0.09 0.01)
(0.78 0.09 0.01)
(0.8 0.09 0.01)
(0.82 0.09 0.01)
(0.84 0.09 0.01)
(0.86 0.09 0.01)
(0.88 0.09 0.01)
(0.9 0.09 0.01)
(0.92 0.09 0.01)
(0.94 0.09 0.01)
(0.96 0.09 0.01)
(0.98 0.09 0.01)
(1 0.09 0.01)
(0 0.095 0.01)
(0.02 0.095 0.01)
(0.04 0.095 0.01)
(0.06 0.095 0.01)
(0.08 0.095 0.01)
(0.1 0.095 0.01)
(0.12 0.095 0.01)
(0.14 0.095 0.01)
(0.16 0.095 0.01)
(0.18 0.095 0.01)
(0.2 0.095 0.01)
(0.22 0.095 0.01)
(0.24 0.095 0.01)
(0.26 0.095 0.01)
(0.28 0.095 0.01)
(0.3 0.095 0.01)
(0.32 0.095 0.01)
(0.34 0.095 0.01)
(0.36 0.095 0.01)
(0.38 0.095 0.01)
(0.4 0.095 0.01)
(0.42 0.095 0.01)
(0.44 0.095 0.01)
(0.46 0.095 0.01)
(0.48 0.095 0.01)
(0.5 0.095 0.01)
(0.52 0.095 0.01)
(0.54 0.095 0.01)
(0.56 0.095 0.01)
(0.58 0.095 0.01)
(0.6 0.095 0.01)
(0.62 0.095 0.01)
(0.64 0.095 0.01)
(0.66 0.095 0.01)
(0.68 0.095 0.01)
(0.7 0.095 0.01)
(0.72 0.095 0.01)
(0.74 0.095 0.01)
(0.76 0.095 0.01)
(0.78 0.095 0.01)
(0.8 0.095 0.01)
(0.82 0.095 0.01)
(0.84 0.095 0.01)
(0.86 0.095 0.01)
(0.88 0.095 0.01)
(0.9 0.095 0.01)
(0.92 0.095 0.01)
(0.94 0.095 0.01)
(0.96 0.095 0.01)
(0.98 0.095 0.01)
(1 0.095 0.01)
(0 0.1 0.01)
(0.02 0.1 0.01)
(0.04 0.1 0.01)
(0.06 0.1 0.01)
(0.08 0.1 0.01)
(0.1 0.1 0.01)
(0.12 0.1 0.01)
(0.14 0.1 0.01)
(0.16 0.1 0.01)
(0.18 0.1 0.01)
(0.2 0.1 0.01)
(0.22 0.1 0.01)
(0.24 0.1 0.01)
(0.26 0.1 0.01)
(0.28 0.1 0.01)
(0.3 0.1 0.01)
(0.32 0.1 0.01)
(0.34 0.1 0.01)
(0.36 0.1 0.01)
(0.38 0.1 0.01)
(0.4 0.1 0.01)
(0.42 0.1 0.01)
(0.44 0.1 0.01)
(0.46 0.1 0.01)
(0.48 0.1 0.01)
(0.5 0.1 0.01)
(0.52 0.1 0.01)
(0.54 0.1 0.01)
(0.56 0.1 0.01)
(0.58 0.1 0.01)
(0.6 0.1 0.01)
(0.62 0.1 0.01)
(0.64 0.1 0.01)
(0.66 0.1 0.01)
(0.68 0.1 0.01)
(0.7 0.1 0.01)
(0.72 0.1 0.01)
(0.74 0.1 0.01)
(0.76 0.1 0.01)
(0.78 0.1 0.01)
(0.8 0.1 0.01)
(0.82 0.1 0.01)
(0.84 0.1 0.01)
(0.86 0.1 0.01)
(0.88 0.1 0.01)
(0.9 0.1 0.01)
(0.92 0.1 0.01)
(0.94 0.1 0.01)
(0.96 0.1 0.01)
(0.98 0.1 0.01)
(1 0.1 0.01)
)


// ************************************************************************* //
