/*--------------------------------*- C++ -*----------------------------------*\
| =========                 |                                                 |
| \\      /  F ield         | OpenFOAM: The Open Source CFD Toolbox           |
|  \\    /   O peration     | Version:  2.2.1                                 |
|   \\  /    A nd           | Web:      www.OpenFOAM.org                      |
|    \\/     M anipulation  |                                                 |
\*---------------------------------------------------------------------------*/
FoamFile
{
    version     2.0;
    format      ascii;
    class       faceList;
    location    "constant/polyMesh";
    object      faces;
}
// * * * * * * * * * * * * * * * * * * * * * * * * * * * * * * * * * * * * * //


1055
(
4(1 52 358 307)
4(51 357 358 52)
4(2 53 359 308)
4(52 358 359 53)
4(3 54 360 309)
4(53 359 360 54)
4(4 55 361 310)
4(54 360 361 55)
4(5 56 362 311)
4(55 361 362 56)
4(6 57 363 312)
4(56 362 363 57)
4(7 58 364 313)
4(57 363 364 58)
4(8 59 365 314)
4(58 364 365 59)
4(9 60 366 315)
4(59 365 366 60)
4(10 61 367 316)
4(60 366 367 61)
4(11 62 368 317)
4(61 367 368 62)
4(12 63 369 318)
4(62 368 369 63)
4(13 64 370 319)
4(63 369 370 64)
4(14 65 371 320)
4(64 370 371 65)
4(15 66 372 321)
4(65 371 372 66)
4(16 67 373 322)
4(66 372 373 67)
4(17 68 374 323)
4(67 373 374 68)
4(18 69 375 324)
4(68 374 375 69)
4(19 70 376 325)
4(69 375 376 70)
4(20 71 377 326)
4(70 376 377 71)
4(21 72 378 327)
4(71 377 378 72)
4(22 73 379 328)
4(72 378 379 73)
4(23 74 380 329)
4(73 379 380 74)
4(24 75 381 330)
4(74 380 381 75)
4(25 76 382 331)
4(75 381 382 76)
4(26 77 383 332)
4(76 382 383 77)
4(27 78 384 333)
4(77 383 384 78)
4(28 79 385 334)
4(78 384 385 79)
4(29 80 386 335)
4(79 385 386 80)
4(30 81 387 336)
4(80 386 387 81)
4(31 82 388 337)
4(81 387 388 82)
4(32 83 389 338)
4(82 388 389 83)
4(33 84 390 339)
4(83 389 390 84)
4(34 85 391 340)
4(84 390 391 85)
4(35 86 392 341)
4(85 391 392 86)
4(36 87 393 342)
4(86 392 393 87)
4(37 88 394 343)
4(87 393 394 88)
4(38 89 395 344)
4(88 394 395 89)
4(39 90 396 345)
4(89 395 396 90)
4(40 91 397 346)
4(90 396 397 91)
4(41 92 398 347)
4(91 397 398 92)
4(42 93 399 348)
4(92 398 399 93)
4(43 94 400 349)
4(93 399 400 94)
4(44 95 401 350)
4(94 400 401 95)
4(45 96 402 351)
4(95 401 402 96)
4(46 97 403 352)
4(96 402 403 97)
4(47 98 404 353)
4(97 403 404 98)
4(48 99 405 354)
4(98 404 405 99)
4(49 100 406 355)
4(99 405 406 100)
4(100 406 407 101)
4(52 103 409 358)
4(102 408 409 103)
4(53 104 410 359)
4(103 409 410 104)
4(54 105 411 360)
4(104 410 411 105)
4(55 106 412 361)
4(105 411 412 106)
4(56 107 413 362)
4(106 412 413 107)
4(57 108 414 363)
4(107 413 414 108)
4(58 109 415 364)
4(108 414 415 109)
4(59 110 416 365)
4(109 415 416 110)
4(60 111 417 366)
4(110 416 417 111)
4(61 112 418 367)
4(111 417 418 112)
4(62 113 419 368)
4(112 418 419 113)
4(63 114 420 369)
4(113 419 420 114)
4(64 115 421 370)
4(114 420 421 115)
4(65 116 422 371)
4(115 421 422 116)
4(66 117 423 372)
4(116 422 423 117)
4(67 118 424 373)
4(117 423 424 118)
4(68 119 425 374)
4(118 424 425 119)
4(69 120 426 375)
4(119 425 426 120)
4(70 121 427 376)
4(120 426 427 121)
4(71 122 428 377)
4(121 427 428 122)
4(72 123 429 378)
4(122 428 429 123)
4(73 124 430 379)
4(123 429 430 124)
4(74 125 431 380)
4(124 430 431 125)
4(75 126 432 381)
4(125 431 432 126)
4(76 127 433 382)
4(126 432 433 127)
4(77 128 434 383)
4(127 433 434 128)
4(78 129 435 384)
4(128 434 435 129)
4(79 130 436 385)
4(129 435 436 130)
4(80 131 437 386)
4(130 436 437 131)
4(81 132 438 387)
4(131 437 438 132)
4(82 133 439 388)
4(132 438 439 133)
4(83 134 440 389)
4(133 439 440 134)
4(84 135 441 390)
4(134 440 441 135)
4(85 136 442 391)
4(135 441 442 136)
4(86 137 443 392)
4(136 442 443 137)
4(87 138 444 393)
4(137 443 444 138)
4(88 139 445 394)
4(138 444 445 139)
4(89 140 446 395)
4(139 445 446 140)
4(90 141 447 396)
4(140 446 447 141)
4(91 142 448 397)
4(141 447 448 142)
4(92 143 449 398)
4(142 448 449 143)
4(93 144 450 399)
4(143 449 450 144)
4(94 145 451 400)
4(144 450 451 145)
4(95 146 452 401)
4(145 451 452 146)
4(96 147 453 402)
4(146 452 453 147)
4(97 148 454 403)
4(147 453 454 148)
4(98 149 455 404)
4(148 454 455 149)
4(99 150 456 405)
4(149 455 456 150)
4(100 151 457 406)
4(150 456 457 151)
4(151 457 458 152)
4(103 154 460 409)
4(153 459 460 154)
4(104 155 461 410)
4(154 460 461 155)
4(105 156 462 411)
4(155 461 462 156)
4(106 157 463 412)
4(156 462 463 157)
4(107 158 464 413)
4(157 463 464 158)
4(108 159 465 414)
4(158 464 465 159)
4(109 160 466 415)
4(159 465 466 160)
4(110 161 467 416)
4(160 466 467 161)
4(111 162 468 417)
4(161 467 468 162)
4(112 163 469 418)
4(162 468 469 163)
4(113 164 470 419)
4(163 469 470 164)
4(114 165 471 420)
4(164 470 471 165)
4(115 166 472 421)
4(165 471 472 166)
4(116 167 473 422)
4(166 472 473 167)
4(117 168 474 423)
4(167 473 474 168)
4(118 169 475 424)
4(168 474 475 169)
4(119 170 476 425)
4(169 475 476 170)
4(120 171 477 426)
4(170 476 477 171)
4(121 172 478 427)
4(171 477 478 172)
4(122 173 479 428)
4(172 478 479 173)
4(123 174 480 429)
4(173 479 480 174)
4(124 175 481 430)
4(174 480 481 175)
4(125 176 482 431)
4(175 481 482 176)
4(126 177 483 432)
4(176 482 483 177)
4(127 178 484 433)
4(177 483 484 178)
4(128 179 485 434)
4(178 484 485 179)
4(129 180 486 435)
4(179 485 486 180)
4(130 181 487 436)
4(180 486 487 181)
4(131 182 488 437)
4(181 487 488 182)
4(132 183 489 438)
4(182 488 489 183)
4(133 184 490 439)
4(183 489 490 184)
4(134 185 491 440)
4(184 490 491 185)
4(135 186 492 441)
4(185 491 492 186)
4(136 187 493 442)
4(186 492 493 187)
4(137 188 494 443)
4(187 493 494 188)
4(138 189 495 444)
4(188 494 495 189)
4(139 190 496 445)
4(189 495 496 190)
4(140 191 497 446)
4(190 496 497 191)
4(141 192 498 447)
4(191 497 498 192)
4(142 193 499 448)
4(192 498 499 193)
4(143 194 500 449)
4(193 499 500 194)
4(144 195 501 450)
4(194 500 501 195)
4(145 196 502 451)
4(195 501 502 196)
4(146 197 503 452)
4(196 502 503 197)
4(147 198 504 453)
4(197 503 504 198)
4(148 199 505 454)
4(198 504 505 199)
4(149 200 506 455)
4(199 505 506 200)
4(150 201 507 456)
4(200 506 507 201)
4(151 202 508 457)
4(201 507 508 202)
4(202 508 509 203)
4(154 205 511 460)
4(204 510 511 205)
4(155 206 512 461)
4(205 511 512 206)
4(156 207 513 462)
4(206 512 513 207)
4(157 208 514 463)
4(207 513 514 208)
4(158 209 515 464)
4(208 514 515 209)
4(159 210 516 465)
4(209 515 516 210)
4(160 211 517 466)
4(210 516 517 211)
4(161 212 518 467)
4(211 517 518 212)
4(162 213 519 468)
4(212 518 519 213)
4(163 214 520 469)
4(213 519 520 214)
4(164 215 521 470)
4(214 520 521 215)
4(165 216 522 471)
4(215 521 522 216)
4(166 217 523 472)
4(216 522 523 217)
4(167 218 524 473)
4(217 523 524 218)
4(168 219 525 474)
4(218 524 525 219)
4(169 220 526 475)
4(219 525 526 220)
4(170 221 527 476)
4(220 526 527 221)
4(171 222 528 477)
4(221 527 528 222)
4(172 223 529 478)
4(222 528 529 223)
4(173 224 530 479)
4(223 529 530 224)
4(174 225 531 480)
4(224 530 531 225)
4(175 226 532 481)
4(225 531 532 226)
4(176 227 533 482)
4(226 532 533 227)
4(177 228 534 483)
4(227 533 534 228)
4(178 229 535 484)
4(228 534 535 229)
4(179 230 536 485)
4(229 535 536 230)
4(180 231 537 486)
4(230 536 537 231)
4(181 232 538 487)
4(231 537 538 232)
4(182 233 539 488)
4(232 538 539 233)
4(183 234 540 489)
4(233 539 540 234)
4(184 235 541 490)
4(234 540 541 235)
4(185 236 542 491)
4(235 541 542 236)
4(186 237 543 492)
4(236 542 543 237)
4(187 238 544 493)
4(237 543 544 238)
4(188 239 545 494)
4(238 544 545 239)
4(189 240 546 495)
4(239 545 546 240)
4(190 241 547 496)
4(240 546 547 241)
4(191 242 548 497)
4(241 547 548 242)
4(192 243 549 498)
4(242 548 549 243)
4(193 244 550 499)
4(243 549 550 244)
4(194 245 551 500)
4(244 550 551 245)
4(195 246 552 501)
4(245 551 552 246)
4(196 247 553 502)
4(246 552 553 247)
4(197 248 554 503)
4(247 553 554 248)
4(198 249 555 504)
4(248 554 555 249)
4(199 250 556 505)
4(249 555 556 250)
4(200 251 557 506)
4(250 556 557 251)
4(201 252 558 507)
4(251 557 558 252)
4(202 253 559 508)
4(252 558 559 253)
4(253 559 560 254)
4(205 256 562 511)
4(206 257 563 512)
4(207 258 564 513)
4(208 259 565 514)
4(209 260 566 515)
4(210 261 567 516)
4(211 262 568 517)
4(212 263 569 518)
4(213 264 570 519)
4(214 265 571 520)
4(215 266 572 521)
4(216 267 573 522)
4(217 268 574 523)
4(218 269 575 524)
4(219 270 576 525)
4(220 271 577 526)
4(221 272 578 527)
4(222 273 579 528)
4(223 274 580 529)
4(224 275 581 530)
4(225 276 582 531)
4(226 277 583 532)
4(227 278 584 533)
4(228 279 585 534)
4(229 280 586 535)
4(230 281 587 536)
4(231 282 588 537)
4(232 283 589 538)
4(233 284 590 539)
4(234 285 591 540)
4(235 286 592 541)
4(236 287 593 542)
4(237 288 594 543)
4(238 289 595 544)
4(239 290 596 545)
4(240 291 597 546)
4(241 292 598 547)
4(242 293 599 548)
4(243 294 600 549)
4(244 295 601 550)
4(245 296 602 551)
4(246 297 603 552)
4(247 298 604 553)
4(248 299 605 554)
4(249 300 606 555)
4(250 301 607 556)
4(251 302 608 557)
4(252 303 609 558)
4(253 304 610 559)
4(0 306 357 51)
4(51 357 408 102)
4(102 408 459 153)
4(153 459 510 204)
4(204 510 561 255)
4(50 101 407 356)
4(101 152 458 407)
4(152 203 509 458)
4(203 254 560 509)
4(254 305 611 560)
4(255 561 562 256)
4(256 562 563 257)
4(257 563 564 258)
4(258 564 565 259)
4(259 565 566 260)
4(260 566 567 261)
4(261 567 568 262)
4(262 568 569 263)
4(263 569 570 264)
4(264 570 571 265)
4(265 571 572 266)
4(266 572 573 267)
4(267 573 574 268)
4(268 574 575 269)
4(269 575 576 270)
4(270 576 577 271)
4(271 577 578 272)
4(272 578 579 273)
4(273 579 580 274)
4(274 580 581 275)
4(275 581 582 276)
4(276 582 583 277)
4(277 583 584 278)
4(278 584 585 279)
4(279 585 586 280)
4(280 586 587 281)
4(281 587 588 282)
4(282 588 589 283)
4(283 589 590 284)
4(284 590 591 285)
4(285 591 592 286)
4(286 592 593 287)
4(287 593 594 288)
4(288 594 595 289)
4(289 595 596 290)
4(290 596 597 291)
4(291 597 598 292)
4(292 598 599 293)
4(293 599 600 294)
4(294 600 601 295)
4(295 601 602 296)
4(296 602 603 297)
4(297 603 604 298)
4(298 604 605 299)
4(299 605 606 300)
4(300 606 607 301)
4(301 607 608 302)
4(302 608 609 303)
4(303 609 610 304)
4(304 610 611 305)
4(0 1 307 306)
4(1 2 308 307)
4(2 3 309 308)
4(3 4 310 309)
4(4 5 311 310)
4(5 6 312 311)
4(6 7 313 312)
4(7 8 314 313)
4(8 9 315 314)
4(9 10 316 315)
4(10 11 317 316)
4(11 12 318 317)
4(12 13 319 318)
4(13 14 320 319)
4(14 15 321 320)
4(15 16 322 321)
4(16 17 323 322)
4(17 18 324 323)
4(18 19 325 324)
4(19 20 326 325)
4(20 21 327 326)
4(21 22 328 327)
4(22 23 329 328)
4(23 24 330 329)
4(24 25 331 330)
4(25 26 332 331)
4(26 27 333 332)
4(27 28 334 333)
4(28 29 335 334)
4(29 30 336 335)
4(30 31 337 336)
4(31 32 338 337)
4(32 33 339 338)
4(33 34 340 339)
4(34 35 341 340)
4(35 36 342 341)
4(36 37 343 342)
4(37 38 344 343)
4(38 39 345 344)
4(39 40 346 345)
4(40 41 347 346)
4(41 42 348 347)
4(42 43 349 348)
4(43 44 350 349)
4(44 45 351 350)
4(45 46 352 351)
4(46 47 353 352)
4(47 48 354 353)
4(48 49 355 354)
4(49 50 356 355)
4(306 307 358 357)
4(357 358 409 408)
4(408 409 460 459)
4(459 460 511 510)
4(510 511 562 561)
4(307 308 359 358)
4(358 359 410 409)
4(409 410 461 460)
4(460 461 512 511)
4(511 512 563 562)
4(308 309 360 359)
4(359 360 411 410)
4(410 411 462 461)
4(461 462 513 512)
4(512 513 564 563)
4(309 310 361 360)
4(360 361 412 411)
4(411 412 463 462)
4(462 463 514 513)
4(513 514 565 564)
4(310 311 362 361)
4(361 362 413 412)
4(412 413 464 463)
4(463 464 515 514)
4(514 515 566 565)
4(311 312 363 362)
4(362 363 414 413)
4(413 414 465 464)
4(464 465 516 515)
4(515 516 567 566)
4(312 313 364 363)
4(363 364 415 414)
4(414 415 466 465)
4(465 466 517 516)
4(516 517 568 567)
4(313 314 365 364)
4(364 365 416 415)
4(415 416 467 466)
4(466 467 518 517)
4(517 518 569 568)
4(314 315 366 365)
4(365 366 417 416)
4(416 417 468 467)
4(467 468 519 518)
4(518 519 570 569)
4(315 316 367 366)
4(366 367 418 417)
4(417 418 469 468)
4(468 469 520 519)
4(519 520 571 570)
4(316 317 368 367)
4(367 368 419 418)
4(418 419 470 469)
4(469 470 521 520)
4(520 521 572 571)
4(317 318 369 368)
4(368 369 420 419)
4(419 420 471 470)
4(470 471 522 521)
4(521 522 573 572)
4(318 319 370 369)
4(369 370 421 420)
4(420 421 472 471)
4(471 472 523 522)
4(522 523 574 573)
4(319 320 371 370)
4(370 371 422 421)
4(421 422 473 472)
4(472 473 524 523)
4(523 524 575 574)
4(320 321 372 371)
4(371 372 423 422)
4(422 423 474 473)
4(473 474 525 524)
4(524 525 576 575)
4(321 322 373 372)
4(372 373 424 423)
4(423 424 475 474)
4(474 475 526 525)
4(525 526 577 576)
4(322 323 374 373)
4(373 374 425 424)
4(424 425 476 475)
4(475 476 527 526)
4(526 527 578 577)
4(323 324 375 374)
4(374 375 426 425)
4(425 426 477 476)
4(476 477 528 527)
4(527 528 579 578)
4(324 325 376 375)
4(375 376 427 426)
4(426 427 478 477)
4(477 478 529 528)
4(528 529 580 579)
4(325 326 377 376)
4(376 377 428 427)
4(427 428 479 478)
4(478 479 530 529)
4(529 530 581 580)
4(326 327 378 377)
4(377 378 429 428)
4(428 429 480 479)
4(479 480 531 530)
4(530 531 582 581)
4(327 328 379 378)
4(378 379 430 429)
4(429 430 481 480)
4(480 481 532 531)
4(531 532 583 582)
4(328 329 380 379)
4(379 380 431 430)
4(430 431 482 481)
4(481 482 533 532)
4(532 533 584 583)
4(329 330 381 380)
4(380 381 432 431)
4(431 432 483 482)
4(482 483 534 533)
4(533 534 585 584)
4(330 331 382 381)
4(381 382 433 432)
4(432 433 484 483)
4(483 484 535 534)
4(534 535 586 585)
4(331 332 383 382)
4(382 383 434 433)
4(433 434 485 484)
4(484 485 536 535)
4(535 536 587 586)
4(332 333 384 383)
4(383 384 435 434)
4(434 435 486 485)
4(485 486 537 536)
4(536 537 588 587)
4(333 334 385 384)
4(384 385 436 435)
4(435 436 487 486)
4(486 487 538 537)
4(537 538 589 588)
4(334 335 386 385)
4(385 386 437 436)
4(436 437 488 487)
4(487 488 539 538)
4(538 539 590 589)
4(335 336 387 386)
4(386 387 438 437)
4(437 438 489 488)
4(488 489 540 539)
4(539 540 591 590)
4(336 337 388 387)
4(387 388 439 438)
4(438 439 490 489)
4(489 490 541 540)
4(540 541 592 591)
4(337 338 389 388)
4(388 389 440 439)
4(439 440 491 490)
4(490 491 542 541)
4(541 542 593 592)
4(338 339 390 389)
4(389 390 441 440)
4(440 441 492 491)
4(491 492 543 542)
4(542 543 594 593)
4(339 340 391 390)
4(390 391 442 441)
4(441 442 493 492)
4(492 493 544 543)
4(543 544 595 594)
4(340 341 392 391)
4(391 392 443 442)
4(442 443 494 493)
4(493 494 545 544)
4(544 545 596 595)
4(341 342 393 392)
4(392 393 444 443)
4(443 444 495 494)
4(494 495 546 545)
4(545 546 597 596)
4(342 343 394 393)
4(393 394 445 444)
4(444 445 496 495)
4(495 496 547 546)
4(546 547 598 597)
4(343 344 395 394)
4(394 395 446 445)
4(445 446 497 496)
4(496 497 548 547)
4(547 548 599 598)
4(344 345 396 395)
4(395 396 447 446)
4(446 447 498 497)
4(497 498 549 548)
4(548 549 600 599)
4(345 346 397 396)
4(396 397 448 447)
4(447 448 499 498)
4(498 499 550 549)
4(549 550 601 600)
4(346 347 398 397)
4(397 398 449 448)
4(448 449 500 499)
4(499 500 551 550)
4(550 551 602 601)
4(347 348 399 398)
4(398 399 450 449)
4(449 450 501 500)
4(500 501 552 551)
4(551 552 603 602)
4(348 349 400 399)
4(399 400 451 450)
4(450 451 502 501)
4(501 502 553 552)
4(552 553 604 603)
4(349 350 401 400)
4(400 401 452 451)
4(451 452 503 502)
4(502 503 554 553)
4(553 554 605 604)
4(350 351 402 401)
4(401 402 453 452)
4(452 453 504 503)
4(503 504 555 554)
4(554 555 606 605)
4(351 352 403 402)
4(402 403 454 453)
4(453 454 505 504)
4(504 505 556 555)
4(555 556 607 606)
4(352 353 404 403)
4(403 404 455 454)
4(454 455 506 505)
4(505 506 557 556)
4(556 557 608 607)
4(353 354 405 404)
4(404 405 456 455)
4(455 456 507 506)
4(506 507 558 557)
4(557 558 609 608)
4(354 355 406 405)
4(405 406 457 456)
4(456 457 508 507)
4(507 508 559 558)
4(558 559 610 609)
4(355 356 407 406)
4(406 407 458 457)
4(457 458 509 508)
4(508 509 560 559)
4(559 560 611 610)
4(0 51 52 1)
4(51 102 103 52)
4(102 153 154 103)
4(153 204 205 154)
4(204 255 256 205)
4(1 52 53 2)
4(52 103 104 53)
4(103 154 155 104)
4(154 205 206 155)
4(205 256 257 206)
4(2 53 54 3)
4(53 104 105 54)
4(104 155 156 105)
4(155 206 207 156)
4(206 257 258 207)
4(3 54 55 4)
4(54 105 106 55)
4(105 156 157 106)
4(156 207 208 157)
4(207 258 259 208)
4(4 55 56 5)
4(55 106 107 56)
4(106 157 158 107)
4(157 208 209 158)
4(208 259 260 209)
4(5 56 57 6)
4(56 107 108 57)
4(107 158 159 108)
4(158 209 210 159)
4(209 260 261 210)
4(6 57 58 7)
4(57 108 109 58)
4(108 159 160 109)
4(159 210 211 160)
4(210 261 262 211)
4(7 58 59 8)
4(58 109 110 59)
4(109 160 161 110)
4(160 211 212 161)
4(211 262 263 212)
4(8 59 60 9)
4(59 110 111 60)
4(110 161 162 111)
4(161 212 213 162)
4(212 263 264 213)
4(9 60 61 10)
4(60 111 112 61)
4(111 162 163 112)
4(162 213 214 163)
4(213 264 265 214)
4(10 61 62 11)
4(61 112 113 62)
4(112 163 164 113)
4(163 214 215 164)
4(214 265 266 215)
4(11 62 63 12)
4(62 113 114 63)
4(113 164 165 114)
4(164 215 216 165)
4(215 266 267 216)
4(12 63 64 13)
4(63 114 115 64)
4(114 165 166 115)
4(165 216 217 166)
4(216 267 268 217)
4(13 64 65 14)
4(64 115 116 65)
4(115 166 167 116)
4(166 217 218 167)
4(217 268 269 218)
4(14 65 66 15)
4(65 116 117 66)
4(116 167 168 117)
4(167 218 219 168)
4(218 269 270 219)
4(15 66 67 16)
4(66 117 118 67)
4(117 168 169 118)
4(168 219 220 169)
4(219 270 271 220)
4(16 67 68 17)
4(67 118 119 68)
4(118 169 170 119)
4(169 220 221 170)
4(220 271 272 221)
4(17 68 69 18)
4(68 119 120 69)
4(119 170 171 120)
4(170 221 222 171)
4(221 272 273 222)
4(18 69 70 19)
4(69 120 121 70)
4(120 171 172 121)
4(171 222 223 172)
4(222 273 274 223)
4(19 70 71 20)
4(70 121 122 71)
4(121 172 173 122)
4(172 223 224 173)
4(223 274 275 224)
4(20 71 72 21)
4(71 122 123 72)
4(122 173 174 123)
4(173 224 225 174)
4(224 275 276 225)
4(21 72 73 22)
4(72 123 124 73)
4(123 174 175 124)
4(174 225 226 175)
4(225 276 277 226)
4(22 73 74 23)
4(73 124 125 74)
4(124 175 176 125)
4(175 226 227 176)
4(226 277 278 227)
4(23 74 75 24)
4(74 125 126 75)
4(125 176 177 126)
4(176 227 228 177)
4(227 278 279 228)
4(24 75 76 25)
4(75 126 127 76)
4(126 177 178 127)
4(177 228 229 178)
4(228 279 280 229)
4(25 76 77 26)
4(76 127 128 77)
4(127 178 179 128)
4(178 229 230 179)
4(229 280 281 230)
4(26 77 78 27)
4(77 128 129 78)
4(128 179 180 129)
4(179 230 231 180)
4(230 281 282 231)
4(27 78 79 28)
4(78 129 130 79)
4(129 180 181 130)
4(180 231 232 181)
4(231 282 283 232)
4(28 79 80 29)
4(79 130 131 80)
4(130 181 182 131)
4(181 232 233 182)
4(232 283 284 233)
4(29 80 81 30)
4(80 131 132 81)
4(131 182 183 132)
4(182 233 234 183)
4(233 284 285 234)
4(30 81 82 31)
4(81 132 133 82)
4(132 183 184 133)
4(183 234 235 184)
4(234 285 286 235)
4(31 82 83 32)
4(82 133 134 83)
4(133 184 185 134)
4(184 235 236 185)
4(235 286 287 236)
4(32 83 84 33)
4(83 134 135 84)
4(134 185 186 135)
4(185 236 237 186)
4(236 287 288 237)
4(33 84 85 34)
4(84 135 136 85)
4(135 186 187 136)
4(186 237 238 187)
4(237 288 289 238)
4(34 85 86 35)
4(85 136 137 86)
4(136 187 188 137)
4(187 238 239 188)
4(238 289 290 239)
4(35 86 87 36)
4(86 137 138 87)
4(137 188 189 138)
4(188 239 240 189)
4(239 290 291 240)
4(36 87 88 37)
4(87 138 139 88)
4(138 189 190 139)
4(189 240 241 190)
4(240 291 292 241)
4(37 88 89 38)
4(88 139 140 89)
4(139 190 191 140)
4(190 241 242 191)
4(241 292 293 242)
4(38 89 90 39)
4(89 140 141 90)
4(140 191 192 141)
4(191 242 243 192)
4(242 293 294 243)
4(39 90 91 40)
4(90 141 142 91)
4(141 192 193 142)
4(192 243 244 193)
4(243 294 295 244)
4(40 91 92 41)
4(91 142 143 92)
4(142 193 194 143)
4(193 244 245 194)
4(244 295 296 245)
4(41 92 93 42)
4(92 143 144 93)
4(143 194 195 144)
4(194 245 246 195)
4(245 296 297 246)
4(42 93 94 43)
4(93 144 145 94)
4(144 195 196 145)
4(195 246 247 196)
4(246 297 298 247)
4(43 94 95 44)
4(94 145 146 95)
4(145 196 197 146)
4(196 247 248 197)
4(247 298 299 248)
4(44 95 96 45)
4(95 146 147 96)
4(146 197 198 147)
4(197 248 249 198)
4(248 299 300 249)
4(45 96 97 46)
4(96 147 148 97)
4(147 198 199 148)
4(198 249 250 199)
4(249 300 301 250)
4(46 97 98 47)
4(97 148 149 98)
4(148 199 200 149)
4(199 250 251 200)
4(250 301 302 251)
4(47 98 99 48)
4(98 149 150 99)
4(149 200 201 150)
4(200 251 252 201)
4(251 302 303 252)
4(48 99 100 49)
4(99 150 151 100)
4(150 201 202 151)
4(201 252 253 202)
4(252 303 304 253)
4(49 100 101 50)
4(100 151 152 101)
4(151 202 203 152)
4(202 253 254 203)
4(253 304 305 254)
)


// ************************************************************************* //
