/*--------------------------------*- C++ -*----------------------------------*\
| =========                 |                                                 |
| \\      /  F ield         | OpenFOAM: The Open Source CFD Toolbox           |
|  \\    /   O peration     | Version:  2.2.1                                 |
|   \\  /    A nd           | Web:      www.OpenFOAM.org                      |
|    \\/     M anipulation  |                                                 |
\*---------------------------------------------------------------------------*/
FoamFile
{
    version     2.0;
    format      ascii;
    class       labelList;
    note        "nPoints: 612 nCells: 250 nFaces: 1055 nInternalFaces: 445";
    location    "constant/polyMesh";
    object      owner;
}
// * * * * * * * * * * * * * * * * * * * * * * * * * * * * * * * * * * * * * //


1055
(
0
0
1
1
2
2
3
3
4
4
5
5
6
6
7
7
8
8
9
9
10
10
11
11
12
12
13
13
14
14
15
15
16
16
17
17
18
18
19
19
20
20
21
21
22
22
23
23
24
24
25
25
26
26
27
27
28
28
29
29
30
30
31
31
32
32
33
33
34
34
35
35
36
36
37
37
38
38
39
39
40
40
41
41
42
42
43
43
44
44
45
45
46
46
47
47
48
48
49
50
50
51
51
52
52
53
53
54
54
55
55
56
56
57
57
58
58
59
59
60
60
61
61
62
62
63
63
64
64
65
65
66
66
67
67
68
68
69
69
70
70
71
71
72
72
73
73
74
74
75
75
76
76
77
77
78
78
79
79
80
80
81
81
82
82
83
83
84
84
85
85
86
86
87
87
88
88
89
89
90
90
91
91
92
92
93
93
94
94
95
95
96
96
97
97
98
98
99
100
100
101
101
102
102
103
103
104
104
105
105
106
106
107
107
108
108
109
109
110
110
111
111
112
112
113
113
114
114
115
115
116
116
117
117
118
118
119
119
120
120
121
121
122
122
123
123
124
124
125
125
126
126
127
127
128
128
129
129
130
130
131
131
132
132
133
133
134
134
135
135
136
136
137
137
138
138
139
139
140
140
141
141
142
142
143
143
144
144
145
145
146
146
147
147
148
148
149
150
150
151
151
152
152
153
153
154
154
155
155
156
156
157
157
158
158
159
159
160
160
161
161
162
162
163
163
164
164
165
165
166
166
167
167
168
168
169
169
170
170
171
171
172
172
173
173
174
174
175
175
176
176
177
177
178
178
179
179
180
180
181
181
182
182
183
183
184
184
185
185
186
186
187
187
188
188
189
189
190
190
191
191
192
192
193
193
194
194
195
195
196
196
197
197
198
198
199
200
201
202
203
204
205
206
207
208
209
210
211
212
213
214
215
216
217
218
219
220
221
222
223
224
225
226
227
228
229
230
231
232
233
234
235
236
237
238
239
240
241
242
243
244
245
246
247
248
0
50
100
150
200
49
99
149
199
249
200
201
202
203
204
205
206
207
208
209
210
211
212
213
214
215
216
217
218
219
220
221
222
223
224
225
226
227
228
229
230
231
232
233
234
235
236
237
238
239
240
241
242
243
244
245
246
247
248
249
0
1
2
3
4
5
6
7
8
9
10
11
12
13
14
15
16
17
18
19
20
21
22
23
24
25
26
27
28
29
30
31
32
33
34
35
36
37
38
39
40
41
42
43
44
45
46
47
48
49
0
50
100
150
200
1
51
101
151
201
2
52
102
152
202
3
53
103
153
203
4
54
104
154
204
5
55
105
155
205
6
56
106
156
206
7
57
107
157
207
8
58
108
158
208
9
59
109
159
209
10
60
110
160
210
11
61
111
161
211
12
62
112
162
212
13
63
113
163
213
14
64
114
164
214
15
65
115
165
215
16
66
116
166
216
17
67
117
167
217
18
68
118
168
218
19
69
119
169
219
20
70
120
170
220
21
71
121
171
221
22
72
122
172
222
23
73
123
173
223
24
74
124
174
224
25
75
125
175
225
26
76
126
176
226
27
77
127
177
227
28
78
128
178
228
29
79
129
179
229
30
80
130
180
230
31
81
131
181
231
32
82
132
182
232
33
83
133
183
233
34
84
134
184
234
35
85
135
185
235
36
86
136
186
236
37
87
137
187
237
38
88
138
188
238
39
89
139
189
239
40
90
140
190
240
41
91
141
191
241
42
92
142
192
242
43
93
143
193
243
44
94
144
194
244
45
95
145
195
245
46
96
146
196
246
47
97
147
197
247
48
98
148
198
248
49
99
149
199
249
0
50
100
150
200
1
51
101
151
201
2
52
102
152
202
3
53
103
153
203
4
54
104
154
204
5
55
105
155
205
6
56
106
156
206
7
57
107
157
207
8
58
108
158
208
9
59
109
159
209
10
60
110
160
210
11
61
111
161
211
12
62
112
162
212
13
63
113
163
213
14
64
114
164
214
15
65
115
165
215
16
66
116
166
216
17
67
117
167
217
18
68
118
168
218
19
69
119
169
219
20
70
120
170
220
21
71
121
171
221
22
72
122
172
222
23
73
123
173
223
24
74
124
174
224
25
75
125
175
225
26
76
126
176
226
27
77
127
177
227
28
78
128
178
228
29
79
129
179
229
30
80
130
180
230
31
81
131
181
231
32
82
132
182
232
33
83
133
183
233
34
84
134
184
234
35
85
135
185
235
36
86
136
186
236
37
87
137
187
237
38
88
138
188
238
39
89
139
189
239
40
90
140
190
240
41
91
141
191
241
42
92
142
192
242
43
93
143
193
243
44
94
144
194
244
45
95
145
195
245
46
96
146
196
246
47
97
147
197
247
48
98
148
198
248
49
99
149
199
249
)


// ************************************************************************* //
