/*--------------------------------*- C++ -*----------------------------------*\
| =========                 |                                                 |
| \\      /  F ield         | OpenFOAM: The Open Source CFD Toolbox           |
|  \\    /   O peration     | Version:  2.2.0                                 |
|   \\  /    A nd           | Web:      www.OpenFOAM.org                      |
|    \\/     M anipulation  |                                                 |
\*---------------------------------------------------------------------------*/
FoamFile
{
    version     2.0;
    format      ascii;
    class       vectorField;
    location    "constant/polyMesh";
    object      points;
}
// * * * * * * * * * * * * * * * * * * * * * * * * * * * * * * * * * * * * * //


1074
(
(0.032 0.016 0.0009377383239)
(0.0339429245 0.01611834526 0.0009377383239)
(0.03584160614 0.01646798134 0.0009377383239)
(0.03767648315 0.01704080009 0.0009377383239)
(0.03942799377 0.01782870483 0.0009377383239)
(0.04107658768 0.01882359314 0.0009377383239)
(0.04260269547 0.02001735878 0.0009377383239)
(0.04398263931 0.02139730263 0.0009377383239)
(0.04517641449 0.02292341423 0.0009377383239)
(0.04617129898 0.02457200813 0.0009377383239)
(0.04695920563 0.02632352448 0.0009377383239)
(0.04753202057 0.02815840149 0.0009377383239)
(0.04788165283 0.03005708122 0.0009377383239)
(0.048 0.032 0.0009377383239)
(0.032 0 0.0009377383239)
(0.03363676071 4.188450798e-05 0.0009377383239)
(0.03533975601 0.0001747556031 0.0009377383239)
(0.03708615875 0.0004067868292 0.0009377383239)
(0.03885028076 0.0007418196201 0.0009377383239)
(0.04060504913 0.001178688288 0.0009377383239)
(0.04232373047 0.001711047173 0.0009377383239)
(0.04397992325 0.002327089787 0.0009377383239)
(0.04554706573 0.003009015799 0.0009377383239)
(0.04700907898 0.003738230705 0.0009377383239)
(0.04835551071 0.004495503902 0.0009377383239)
(0.04958089828 0.005262159348 0.0009377383239)
(0.05068429565 0.006021217346 0.0009377383239)
(0.05166851807 0.006758178711 0.0009377383239)
(0.05253923798 0.007461465836 0.0009377383239)
(0 0 0.0009377383239)
(0 0.002 0.0009377383239)
(0 0.004 0.0009377383239)
(0 0.006 0.0009377383239)
(0 0.008 0.0009377383239)
(0 0.01 0.0009377383239)
(0 0.012 0.0009377383239)
(0 0.014 0.0009377383239)
(0 0.016 0.0009377383239)
(0.05653923798 -0.004538534164 0.0009377383239)
(0.05553923798 -0.004538534164 0.0009377383239)
(0.05453923798 -0.004538534164 0.0009377383239)
(0.05353923798 -0.004538534164 0.0009377383239)
(0.05253923798 -0.004538534164 0.0009377383239)
(0.048 0.064 0.0009377383239)
(0.05 0.064 0.0009377383239)
(0.052 0.064 0.0009377383239)
(0.054 0.064 0.0009377383239)
(0.056 0.064 0.0009377383239)
(0.058 0.064 0.0009377383239)
(0.06 0.064 0.0009377383239)
(0.062 0.064 0.0009377383239)
(0.064 0.064 0.0009377383239)
(0.002 0.016 0.0009377383239)
(0.004 0.016 0.0009377383239)
(0.006 0.016 0.0009377383239)
(0.008 0.016 0.0009377383239)
(0.01 0.016 0.0009377383239)
(0.012 0.016 0.0009377383239)
(0.014 0.016 0.0009377383239)
(0.016 0.016 0.0009377383239)
(0.018 0.016 0.0009377383239)
(0.02 0.016 0.0009377383239)
(0.022 0.016 0.0009377383239)
(0.024 0.016 0.0009377383239)
(0.026 0.016 0.0009377383239)
(0.028 0.016 0.0009377383239)
(0.03 0.016 0.0009377383239)
(0.048 0.034 0.0009377383239)
(0.048 0.036 0.0009377383239)
(0.048 0.038 0.0009377383239)
(0.048 0.04 0.0009377383239)
(0.048 0.042 0.0009377383239)
(0.048 0.044 0.0009377383239)
(0.048 0.046 0.0009377383239)
(0.048 0.048 0.0009377383239)
(0.048 0.05 0.0009377383239)
(0.048 0.052 0.0009377383239)
(0.048 0.054 0.0009377383239)
(0.048 0.056 0.0009377383239)
(0.048 0.058 0.0009377383239)
(0.048 0.06 0.0009377383239)
(0.048 0.062 0.0009377383239)
(0.002 0 0.0009377383239)
(0.004 0 0.0009377383239)
(0.006 0 0.0009377383239)
(0.008 0 0.0009377383239)
(0.01 0 0.0009377383239)
(0.012 0 0.0009377383239)
(0.014 0 0.0009377383239)
(0.016 0 0.0009377383239)
(0.018 0 0.0009377383239)
(0.02 0 0.0009377383239)
(0.022 0 0.0009377383239)
(0.024 0 0.0009377383239)
(0.026 0 0.0009377383239)
(0.028 0 0.0009377383239)
(0.03 0 0.0009377383239)
(0.05253923416 -0.003447624683 0.0009377383239)
(0.05253923798 -0.002356715918 0.0009377383239)
(0.05253924561 -0.001265806913 0.0009377383239)
(0.05253923798 -0.0001748975515 0.0009377383239)
(0.05253923416 0.0009160116315 0.0009377383239)
(0.05253924179 0.002006920815 0.0009377383239)
(0.05253923798 0.003097829342 0.0009377383239)
(0.05253923798 0.004188738823 0.0009377383239)
(0.05253923798 0.005279647827 0.0009377383239)
(0.05253923798 0.006370557308 0.0009377383239)
(0.05653853607 0.01146076012 0.0009377383239)
(0.05653857422 0.01065918827 0.0009377383239)
(0.05653861237 0.009777508736 0.0009377383239)
(0.0565386467 0.008816184998 0.0009377383239)
(0.0565387001 0.007777984142 0.0009377383239)
(0.05653874588 0.006668267727 0.0009377383239)
(0.05653879929 0.005495107174 0.0009377383239)
(0.05653885269 0.004269240379 0.0009377383239)
(0.05653890991 0.003003792286 0.0009377383239)
(0.05653896713 0.001713783503 0.0009377383239)
(0.05653901672 0.0004154653549 0.0009377383239)
(0.05653907776 -0.0008744912148 0.0009377383239)
(0.05653913116 -0.002139840126 0.0009377383239)
(0.05653918457 -0.003365558624 0.0009377383239)
(0.06399999619 0.06220660019 0.0009377383239)
(0.064 0.06037098312 0.0009377383239)
(0.06399999619 0.05849774933 0.0009377383239)
(0.06400000763 0.0565919838 0.0009377383239)
(0.064 0.05465910339 0.0009377383239)
(0.06400000763 0.05270492935 0.0009377383239)
(0.06399998856 0.05073545456 0.0009377383239)
(0.06400000763 0.04875697327 0.0009377383239)
(0.064 0.04677580261 0.0009377383239)
(0.064 0.04479835892 0.0009377383239)
(0.064 0.04283097839 0.0009377383239)
(0.064 0.04087987137 0.0009377383239)
(0.064 0.03895105362 0.0009377383239)
(0.064 0.03705024719 0.0009377383239)
(0.064 0.03518283844 0.0009377383239)
(0.064 0.03335383224 0.0009377383239)
(0.06399703217 0.03156459236 0.0009377383239)
(0.0639254303 0.0298166523 0.0009377383239)
(0.06376489258 0.02812812042 0.0009377383239)
(0.0635246048 0.02650462151 0.0009377383239)
(0.06321386719 0.02495054626 0.0009377383239)
(0.06284192657 0.02346912575 0.0009377383239)
(0.06241785049 0.02206246948 0.0009377383239)
(0.06195043945 0.02073184776 0.0009377383239)
(0.06144937515 0.01948063469 0.0009377383239)
(0.06092317581 0.01830877113 0.0009377383239)
(0.06037921906 0.01721418762 0.0009377383239)
(0.05982406998 0.01619427872 0.0009377383239)
(0.05926364136 0.01524607658 0.0009377383239)
(0.05870304871 0.01436630058 0.0009377383239)
(0.0581467514 0.01355148888 0.0009377383239)
(0.05759854126 0.01279804993 0.0009377383239)
(0.05706159973 0.01210235023 0.0009377383239)
(0.04710158094 0.02288611594 0.0009377383239)
(0.04702647702 0.005282911388 0.0009377383239)
(0.001732050808 0.009 0.0009377383239)
(0.04973205081 0.037 0.0009377383239)
(0.04973205081 0.047 0.0009377383239)
(0.025 0.001732050808 0.0009377383239)
(0.0534839967 -0.001811268023 0.0009377383239)
(0.0534839933 0.003643284082 0.0009377383239)
(0.05577503642 0.01021831547 0.0009377383239)
(0.06234956054 0.05754485665 0.0009377383239)
(0.03934932558 0.002479927941 0.0009377383239)
(0.04962344343 0.03092604896 0.0009377383239)
(0.005 0.001732050808 0.0009377383239)
(0.04973205081 0.057 0.0009377383239)
(0.05149481351 0.007863887835 0.0009377383239)
(0.003 0.01426794919 0.0009377383239)
(0.031 0.001732050808 0.0009377383239)
(0.05348399247 0.006916011572 0.0009377383239)
(0.05541461543 0.001064581482 0.0009377383239)
(0.051 0.06226794919 0.0009377383239)
(0.06241030708 0.06128878835 0.0009377383239)
(0.05503923798 -0.003672508761 0.0009377383239)
(0.015 0.01426794919 0.0009377383239)
(0.05822143667 0.01529167606 0.0009377383239)
(0.04590117832 0.0211265188 0.0009377383239)
(0.04808210995 0.02476541913 0.0009377383239)
(0.04564655372 0.004639763862 0.0009377383239)
(0.04111388927 0.01689842479 0.0009377383239)
(0.04830426141 0.005940048393 0.0009377383239)
(0.009 0.01426794919 0.0009377383239)
(0.001732050808 0.007 0.0009377383239)
(0.001732050808 0.011 0.0009377383239)
(0.06238277658 0.03611654282 0.0009377383239)
(0.04973205081 0.035 0.0009377383239)
(0.04973205081 0.039 0.0009377383239)
(0.06228748353 0.04578708076 0.0009377383239)
(0.04973205081 0.045 0.0009377383239)
(0.04973205081 0.049 0.0009377383239)
(0.023 0.01426794919 0.0009377383239)
(0.023 0.001732050808 0.0009377383239)
(0.027 0.001732050808 0.0009377383239)
(0.05348399077 -0.002902173604 0.0009377383239)
(0.05348399701 -0.0007203456252 0.0009377383239)
(0.05348399438 0.002552378382 0.0009377383239)
(0.05348399289 0.004734193325 0.0009377383239)
(0.05584437356 0.01105994116 0.0009377383239)
(0.05570609875 0.009296817134 0.0009377383239)
(0.057 0.06226794919 0.0009377383239)
(0.06232608028 0.0556255502 0.0009377383239)
(0.03767807285 0.0021020777 0.0009377383239)
(0.04100335348 0.002933289428 0.0009377383239)
(0.06238284994 0.0291114161 0.0009377383239)
(0.04935114158 0.02880495093 0.0009377383239)
(0.007 0.001732050808 0.0009377383239)
(0.001732050808 0.003 0.0009377383239)
(0.04973205081 0.055 0.0009377383239)
(0.04973205081 0.059 0.0009377383239)
(0.0505381796 0.00724205964 0.0009377383239)
(0.005 0.01426794919 0.0009377383239)
(0.029 0.001732050808 0.0009377383239)
(0.031 0.01426794919 0.0009377383239)
(0.03278210731 0.00143841861 0.0009377383239)
(0.05552278574 0.0060816412 0.0009377383239)
(0.0534839933 0.005825102568 0.0009377383239)
(0.05542175814 0.00235873834 0.0009377383239)
(0.05542191208 -0.0002295657879 0.0009377383239)
(0.053 0.06226794919 0.0009377383239)
(0.06237773004 0.05943436953 0.0009377383239)
(0.017 0.01426794919 0.0009377383239)
(0.015 0.001732050808 0.0009377383239)
(0.013 0.01426794919 0.0009377383239)
(0.05771925242 0.01444066233 0.0009377383239)
(0.05872268853 0.01620552307 0.0009377383239)
(0.04448773382 0.01951226428 0.0009377383239)
(0.04883466321 0.02674489069 0.0009377383239)
(0.060616325 0.02054017564 0.0009377383239)
(0.04417292924 0.004025237997 0.0009377383239)
(0.04287347294 0.01809882785 0.0009377383239)
(0.03923458398 0.01591789977 0.0009377383239)
(0.011 0.01426794919 0.0009377383239)
(0.007 0.01426794919 0.0009377383239)
(0.001732050808 0.005 0.0009377383239)
(0.06241603417 0.03426833534 0.0009377383239)
(0.06235385335 0.03800065041 0.0009377383239)
(0.04973205081 0.033 0.0009377383239)
(0.04973205081 0.041 0.0009377383239)
(0.06229619849 0.04381466866 0.0009377383239)
(0.0622842597 0.04776639455 0.0009377383239)
(0.04973205081 0.043 0.0009377383239)
(0.04973205081 0.051 0.0009377383239)
(0.025 0.01426794919 0.0009377383239)
(0.021 0.01426794919 0.0009377383239)
(0.019 0.001732050808 0.0009377383239)
(0.021 0.001732050808 0.0009377383239)
(0.05348399113 0.0003705603436 0.0009377383239)
(0.05624443456 0.01223454159 0.0009377383239)
(0.05563956509 0.008297038319 0.0009377383239)
(0.055 0.06226794919 0.0009377383239)
(0.059 0.06226794919 0.0009377383239)
(0.06229438289 0.05172020847 0.0009377383239)
(0.06230763945 0.05368200977 0.0009377383239)
(0.03601201245 0.001803200355 0.0009377383239)
(0.06223875738 0.02752446629 0.0009377383239)
(0.06244747073 0.03075263137 0.0009377383239)
(0.011 0.001732050808 0.0009377383239)
(0.009 0.001732050808 0.0009377383239)
(0.04973205081 0.053 0.0009377383239)
(0.04947523346 0.006597258499 0.0009377383239)
(0.03307395225 0.01437655066 0.0009377383239)
(0.029 0.01426794919 0.0009377383239)
(0.03437318862 0.001583157248 0.0009377383239)
(0.0554771942 0.004882127526 0.0009377383239)
(0.05544328016 -0.001507211921 0.0009377383239)
(0.019 0.01426794919 0.0009377383239)
(0.013 0.001732050808 0.0009377383239)
(0.017 0.001732050808 0.0009377383239)
(0.05722014906 0.01364953331 0.0009377383239)
(0.05970326031 0.01823255975 0.0009377383239)
(0.05921837749 0.01718500637 0.0009377383239)
(0.06103179276 0.02180194846 0.0009377383239)
(0.0426183183 0.0034533735 0.0009377383239)
(0.03725512024 0.01516534061 0.0009377383239)
(0.06232959483 0.03991546249 0.0009377383239)
(0.027 0.01426794919 0.0009377383239)
(0.05348399304 0.001461459616 0.0009377383239)
(0.05672757689 0.01291520508 0.0009377383239)
(0.05557768039 0.007223086291 0.0009377383239)
(0.06228658303 0.04974619739 0.0009377383239)
(0.06202336735 0.02599669055 0.0009377383239)
(0.06244898889 0.03246178252 0.0009377383239)
(0.05544297111 0.003636466778 0.0009377383239)
(0.06017141187 0.01935040491 0.0009377383239)
(0.06141168847 0.02313305827 0.0009377383239)
(0.03519505905 0.01464885677 0.0009377383239)
(0.06231029175 0.04185542488 0.0009377383239)
(0.06174494908 0.02453194603 0.0009377383239)
(0.05299581392 0.01020297118 0.0009377383239)
(0.04359299791 0.01084776883 0.0009377383239)
(0.008 0.008 0.0009377383239)
(0.05601842709 0.036 0.0009377383239)
(0.05597174915 0.046 0.0009377383239)
(0.024 0.008 0.0009377383239)
(0.05680230414 0.05665292338 0.0009377383239)
(0.05586491283 0.02904675522 0.0009377383239)
(0.004 0.012 0.0009377383239)
(0.052 0.06 0.0009377383239)
(0.016 0.008 0.0009377383239)
(0.05205554813 0.01821724642 0.0009377383239)
(0.004 0.004 0.0009377383239)
(0.06030888471 0.06039820901 0.0009377383239)
(0.03293273334 0.007907378535 0.0009377383239)
(0.05441951127 0.007828582877 0.0009377383239)
(0.05389417832 0.01237959378 0.0009377383239)
(0.05438241026 0.01075671567 0.0009377383239)
(0.04848616283 0.01144569372 0.0009377383239)
(0.04498360282 0.00786411726 0.0009377383239)
(0.04164776024 0.01358396027 0.0009377383239)
(0.03870751812 0.008065404429 0.0009377383239)
(0.008 0.004786254496 0.0009377383239)
(0.01 0.01089466187 0.0009377383239)
(0.004786254496 0.008 0.0009377383239)
(0.05279570187 0.036 0.0009377383239)
(0.05921750527 0.03513518234 0.0009377383239)
(0.05738809667 0.04083637066 0.0009377383239)
(0.0527717679 0.046 0.0009377383239)
(0.05909230325 0.04478673778 0.0009377383239)
(0.05860265634 0.04876061776 0.0009377383239)
(0.024 0.004786254496 0.0009377383239)
(0.022 0.01089466187 0.0009377383239)
(0.026 0.01089466187 0.0009377383239)
(0.056 0.05949216437 0.0009377383239)
(0.05965324642 0.05661804575 0.0009377383239)
(0.05322660672 0.056 0.0009377383239)
(0.05258792211 0.02946744801 0.0009377383239)
(0.05912856584 0.0286068834 0.0009377383239)
(0.0562799474 0.02387787991 0.0009377383239)
(0.006 0.01247258412 0.0009377383239)
(0.003527415882 0.01 0.0009377383239)
(0.054 0.06047258412 0.0009377383239)
(0.05152741588 0.058 0.0009377383239)
(0.016 0.0112137455 0.0009377383239)
(0.016 0.004786254496 0.0009377383239)
(0.04920878239 0.02015931882 0.0009377383239)
(0.05505797428 0.01658476245 0.0009377383239)
(0.003527415882 0.006 0.0009377383239)
(0.006 0.003527415882 0.0009377383239)
(0.06069026598 0.0585145604 0.0009377383239)
(0.03329091299 0.004662804944 0.0009377383239)
(0.03457163369 0.01110772956 0.0009377383239)
(0.02845048436 0.006421944493 0.0009377383239)
(0.03 0.01049016049 0.0009377383239)
(0.05342773925 0.007909486656 0.0009377383239)
(0.05472340454 0.008860110587 0.0009377383239)
(0.05458105163 0.006727173113 0.0009377383239)
(0.05514459888 0.01352701847 0.0009377383239)
(0.05113266276 0.01224565921 0.0009377383239)
(0.04656112878 0.01551574869 0.0009377383239)
(0.04875912772 0.008976276206 0.0009377383239)
(0.0442045241 0.006023602412 0.0009377383239)
(0.04683343928 0.007229144197 0.0009377383239)
(0.04615225087 0.01022468347 0.0009377383239)
(0.04332057185 0.01555363354 0.0009377383239)
(0.03908037555 0.0133439347 0.0009377383239)
(0.03786968365 0.005139519653 0.0009377383239)
(0.04185378751 0.00822127786 0.0009377383239)
(0.01 0.003750279031 0.0009377383239)
(0.012 0.01213663544 0.0009377383239)
(0.012 0.00737454998 0.0009377383239)
(0.006393127248 0.006393127248 0.0009377383239)
(0.05175348823 0.038 0.0009377383239)
(0.05175348823 0.034 0.0009377383239)
(0.06044467755 0.03332879732 0.0009377383239)
(0.05678995069 0.0325046492 0.0009377383239)
(0.06036546867 0.0370278506 0.0009377383239)
(0.05358319489 0.042 0.0009377383239)
(0.05994940651 0.04086185629 0.0009377383239)
(0.05174537633 0.048 0.0009377383239)
(0.05174537633 0.044 0.0009377383239)
(0.05677412699 0.04344402485 0.0009377383239)
(0.06022451096 0.04677338019 0.0009377383239)
(0.05845498911 0.052727098 0.0009377383239)
(0.06004635023 0.05074207012 0.0009377383239)
(0.05802949995 0.0466728893 0.0009377383239)
(0.022 0.003750279031 0.0009377383239)
(0.026 0.003750279031 0.0009377383239)
(0.02 0.01213663544 0.0009377383239)
(0.024 0.01213663544 0.0009377383239)
(0.02 0.00737454998 0.0009377383239)
(0.028 0.01213663544 0.0009377383239)
(0.05809251882 0.060239677 0.0009377383239)
(0.060451122 0.05467148261 0.0009377383239)
(0.0547793054 0.05761424734 0.0009377383239)
(0.05190856785 0.054 0.0009377383239)
(0.05136473401 0.02720534916 0.0009377383239)
(0.06031839725 0.02701613294 0.0009377383239)
(0.06057815958 0.03000435334 0.0009377383239)
(0.05829115667 0.02200507845 0.0009377383239)
(0.05719015026 0.02655206484 0.0009377383239)
(0.008202370283 0.01219662744 0.0009377383239)
(0.006393127248 0.009964917509 0.0009377383239)
(0.014 0.003750279031 0.0009377383239)
(0.018 0.003750279031 0.0009377383239)
(0.04970719968 0.02272207857 0.0009377383239)
(0.04699847312 0.01873979058 0.0009377383239)
(0.05654524339 0.01570712313 0.0009377383239)
(0.05684459338 0.01891975982 0.0009377383239)
(0.034947967 0.003515145724 0.0009377383239)
(0.03580729881 0.008455129127 0.0009377383239)
(0.0321596205 0.01198012149 0.0009377383239)
(0.02662106743 0.008327291706 0.0009377383239)
(0.03105823179 0.006058388714 0.0009377383239)
(0.05244062571 0.008762065463 0.0009377383239)
(0.05488450001 0.009821609063 0.0009377383239)
(0.05454051268 0.005658342595 0.0009377383239)
(0.05265362175 0.01498654915 0.0009377383239)
(0.05616854473 0.01382256 0.0009377383239)
(0.04909108933 0.01422208273 0.0009377383239)
(0.04503417172 0.01725965948 0.0009377383239)
(0.05025238176 0.008728504419 0.0009377383239)
(0.04291548875 0.005044550552 0.0009377383239)
(0.04826599299 0.007380016483 0.0009377383239)
(0.0457859766 0.006142561609 0.0009377383239)
(0.04545777862 0.01293968129 0.0009377383239)
(0.03665729927 0.01256598379 0.0009377383239)
(0.03970667275 0.004420124246 0.0009377383239)
(0.04352812597 0.009001644886 0.0009377383239)
(0.0401581829 0.01061536823 0.0009377383239)
(0.012 0.003484391073 0.0009377383239)
(0.01414338909 0.01229666908 0.0009377383239)
(0.01420235618 0.006393127248 0.0009377383239)
(0.009965934026 0.006133048428 0.0009377383239)
(0.01015087219 0.008652162281 0.0009377383239)
(0.05148481574 0.04 0.0009377383239)
(0.05480332224 0.03895625193 0.0009377383239)
(0.05440706448 0.03388875564 0.0009377383239)
(0.05183115838 0.03167121411 0.0009377383239)
(0.05731686538 0.03445377833 0.0009377383239)
(0.05770957413 0.03040595866 0.0009377383239)
(0.05448465833 0.0312686714 0.0009377383239)
(0.05781621509 0.03810299481 0.0009377383239)
(0.06066369225 0.03893679767 0.0009377383239)
(0.05437175852 0.04424226717 0.0009377383239)
(0.06029778197 0.04299395993 0.0009377383239)
(0.05504826014 0.04951405238 0.0009377383239)
(0.05148374957 0.05 0.0009377383239)
(0.05559979044 0.04179142206 0.0009377383239)
(0.05820695325 0.05493346489 0.0009377383239)
(0.05798983032 0.05072379185 0.0009377383239)
(0.02 0.003484391073 0.0009377383239)
(0.02837072698 0.004035459044 0.0009377383239)
(0.01785661091 0.01229666908 0.0009377383239)
(0.02410122662 0.01006831772 0.0009377383239)
(0.02203406597 0.006133048428 0.0009377383239)
(0.01779764382 0.006393127248 0.0009377383239)
(0.02184912781 0.008652162281 0.0009377383239)
(0.02793155067 0.01001553512 0.0009377383239)
(0.05824641215 0.05815888642 0.0009377383239)
(0.06054142264 0.0526766265 0.0009377383239)
(0.05512349581 0.0557293083 0.0009377383239)
(0.05396983461 0.0272584468 0.0009377383239)
(0.05046023388 0.02499409487 0.0009377383239)
(0.06057679139 0.02551282225 0.0009377383239)
(0.06096900889 0.02843977406 0.0009377383239)
(0.06102045779 0.03160847517 0.0009377383239)
(0.05895619974 0.0204829045 0.0009377383239)
(0.05973473122 0.02289189247 0.0009377383239)
(0.00833059005 0.009909844335 0.0009377383239)
(0.05185123913 0.02097524881 0.0009377383239)
(0.04941617042 0.0174058298 0.0009377383239)
(0.05756800923 0.01624447955 0.0009377383239)
(0.05439514416 0.01894293865 0.0009377383239)
(0.05576445024 0.02130796165 0.0009377383239)
(0.03676629605 0.003684359935 0.0009377383239)
(0.03345043844 0.002909175345 0.0009377383239)
(0.03415676841 0.00930036605 0.0009377383239)
(0.03708110041 0.006948232839 0.0009377383239)
(0.03469796579 0.006460191486 0.0009377383239)
(0.03203739626 0.009847170172 0.0009377383239)
(0.02553161771 0.006393127248 0.0009377383239)
(0.03125669332 0.003892156607 0.0009377383239)
(0.03002102654 0.008152951499 0.0009377383239)
(0.05320818911 0.01675991882 0.0009377383239)
(0.05527980945 0.0149801362 0.0009377383239)
(0.0568133293 0.01445918602 0.0009377383239)
(0.0558695388 0.01301244825 0.0009377383239)
(0.05097509314 0.01412554275 0.0009377383239)
(0.05132697536 0.0100185718 0.0009377383239)
(0.0494683886 0.007807069049 0.0009377383239)
(0.04138794289 0.004506498635 0.0009377383239)
(0.04742224041 0.008514980396 0.0009377383239)
(0.04743390849 0.01312905744 0.0009377383239)
(0.04493097092 0.01468963774 0.0009377383239)
(0.04347913575 0.01282637952 0.0009377383239)
(0.03752390943 0.01024349048 0.0009377383239)
(0.04035916741 0.006558542 0.0009377383239)
(0.04205421565 0.009977639164 0.0009377383239)
(0.04346548307 0.007421581041 0.0009377383239)
(0.01325544668 0.009755592708 0.0009377383239)
(0.01245307679 0.005429470527 0.0009377383239)
(0.05146422401 0.042 0.0009377383239)
(0.05440706448 0.03706553102 0.0009377383239)
(0.0533526016 0.04014113731 0.0009377383239)
(0.05777790548 0.03615922839 0.0009377383239)
(0.05879425214 0.03213208258 0.0009377383239)
(0.05843899951 0.04245991111 0.0009377383239)
(0.05383207674 0.04780751594 0.0009377383239)
(0.05354501886 0.0518036426 0.0009377383239)
(0.05149990761 0.05202084276 0.0009377383239)
(0.01874455332 0.009755592708 0.0009377383239)
(0.01954692321 0.005429470527 0.0009377383239)
(0.05621643396 0.05359256891 0.0009377383239)
(0.05392409144 0.0541060374 0.0009377383239)
(0.05531522945 0.02569823127 0.0009377383239)
(0.05270530767 0.02536637837 0.0009377383239)
(0.05891444481 0.01921986738 0.0009377383239)
(0.05975132462 0.02152428451 0.0009377383239)
(0.05814385221 0.0238632113 0.0009377383239)
(0.0604154396 0.02410953783 0.0009377383239)
(0.05117487485 0.01638350732 0.0009377383239)
(0.04835620022 0.01590558961 0.0009377383239)
(0.05641822866 0.01719088186 0.0009377383239)
(0.05817480077 0.01709796244 0.0009377383239)
(0.05383285843 0.02084740544 0.0009377383239)
(0.03824437328 0.003482246508 0.0009377383239)
(0.0320666191 0.002650773408 0.0009377383239)
(0.05494964845 0.01248442501 0.0009377383239)
(0.05245700382 0.01330320934 0.0009377383239)
(0.04973763405 0.01024986466 0.0009377383239)
(0.04765331878 0.01001316226 0.0009377383239)
(0.04206600987 0.01175247752 0.0009377383239)
(0.04203250141 0.006557514335 0.0009377383239)
(0.01509408747 0.009606872752 0.0009377383239)
(0.0559972512 0.03771914364 0.0009377383239)
(0.05565090325 0.05154799576 0.0009377383239)
(0.05421176121 0.02394762663 0.0009377383239)
(0.05191412903 0.02324163916 0.0009377383239)
(0.05874802676 0.025591064 0.0009377383239)
(0.0586166809 0.01809951065 0.0009377383239)
(0.05435202194 0.01313569606 0.0009377383239)
(0.05253604042 0.01184624088 0.0009377383239)
(0.04707066231 0.01131027148 0.0009377383239)
(0.05424871481 0.01434322867 0.0009377383239)
(0.05415826673 0.01564273318 0.0009377383239)
(0.032 0.016 -0.0009377383239)
(0.0339429245 0.01611834526 -0.0009377383239)
(0.03584160614 0.01646798134 -0.0009377383239)
(0.03767648315 0.01704080009 -0.0009377383239)
(0.03942799377 0.01782870483 -0.0009377383239)
(0.04107658768 0.01882359314 -0.0009377383239)
(0.04260269547 0.02001735878 -0.0009377383239)
(0.04398263931 0.02139730263 -0.0009377383239)
(0.04517641449 0.02292341423 -0.0009377383239)
(0.04617129898 0.02457200813 -0.0009377383239)
(0.04695920563 0.02632352448 -0.0009377383239)
(0.04753202057 0.02815840149 -0.0009377383239)
(0.04788165283 0.03005708122 -0.0009377383239)
(0.048 0.032 -0.0009377383239)
(0.032 0 -0.0009377383239)
(0.03363676071 4.188450798e-05 -0.0009377383239)
(0.03533975601 0.0001747556031 -0.0009377383239)
(0.03708615875 0.0004067868292 -0.0009377383239)
(0.03885028076 0.0007418196201 -0.0009377383239)
(0.04060504913 0.001178688288 -0.0009377383239)
(0.04232373047 0.001711047173 -0.0009377383239)
(0.04397992325 0.002327089787 -0.0009377383239)
(0.04554706573 0.003009015799 -0.0009377383239)
(0.04700907898 0.003738230705 -0.0009377383239)
(0.04835551071 0.004495503902 -0.0009377383239)
(0.04958089828 0.005262159348 -0.0009377383239)
(0.05068429565 0.006021217346 -0.0009377383239)
(0.05166851807 0.006758178711 -0.0009377383239)
(0.05253923798 0.007461465836 -0.0009377383239)
(0 0 -0.0009377383239)
(0 0.002 -0.0009377383239)
(0 0.004 -0.0009377383239)
(0 0.006 -0.0009377383239)
(0 0.008 -0.0009377383239)
(0 0.01 -0.0009377383239)
(0 0.012 -0.0009377383239)
(0 0.014 -0.0009377383239)
(0 0.016 -0.0009377383239)
(0.05653923798 -0.004538534164 -0.0009377383239)
(0.05553923798 -0.004538534164 -0.0009377383239)
(0.05453923798 -0.004538534164 -0.0009377383239)
(0.05353923798 -0.004538534164 -0.0009377383239)
(0.05253923798 -0.004538534164 -0.0009377383239)
(0.048 0.064 -0.0009377383239)
(0.05 0.064 -0.0009377383239)
(0.052 0.064 -0.0009377383239)
(0.054 0.064 -0.0009377383239)
(0.056 0.064 -0.0009377383239)
(0.058 0.064 -0.0009377383239)
(0.06 0.064 -0.0009377383239)
(0.062 0.064 -0.0009377383239)
(0.064 0.064 -0.0009377383239)
(0.002 0.016 -0.0009377383239)
(0.004 0.016 -0.0009377383239)
(0.006 0.016 -0.0009377383239)
(0.008 0.016 -0.0009377383239)
(0.01 0.016 -0.0009377383239)
(0.012 0.016 -0.0009377383239)
(0.014 0.016 -0.0009377383239)
(0.016 0.016 -0.0009377383239)
(0.018 0.016 -0.0009377383239)
(0.02 0.016 -0.0009377383239)
(0.022 0.016 -0.0009377383239)
(0.024 0.016 -0.0009377383239)
(0.026 0.016 -0.0009377383239)
(0.028 0.016 -0.0009377383239)
(0.03 0.016 -0.0009377383239)
(0.048 0.034 -0.0009377383239)
(0.048 0.036 -0.0009377383239)
(0.048 0.038 -0.0009377383239)
(0.048 0.04 -0.0009377383239)
(0.048 0.042 -0.0009377383239)
(0.048 0.044 -0.0009377383239)
(0.048 0.046 -0.0009377383239)
(0.048 0.048 -0.0009377383239)
(0.048 0.05 -0.0009377383239)
(0.048 0.052 -0.0009377383239)
(0.048 0.054 -0.0009377383239)
(0.048 0.056 -0.0009377383239)
(0.048 0.058 -0.0009377383239)
(0.048 0.06 -0.0009377383239)
(0.048 0.062 -0.0009377383239)
(0.002 0 -0.0009377383239)
(0.004 0 -0.0009377383239)
(0.006 0 -0.0009377383239)
(0.008 0 -0.0009377383239)
(0.01 0 -0.0009377383239)
(0.012 0 -0.0009377383239)
(0.014 0 -0.0009377383239)
(0.016 0 -0.0009377383239)
(0.018 0 -0.0009377383239)
(0.02 0 -0.0009377383239)
(0.022 0 -0.0009377383239)
(0.024 0 -0.0009377383239)
(0.026 0 -0.0009377383239)
(0.028 0 -0.0009377383239)
(0.03 0 -0.0009377383239)
(0.05253923416 -0.003447624683 -0.0009377383239)
(0.05253923798 -0.002356715918 -0.0009377383239)
(0.05253924561 -0.001265806913 -0.0009377383239)
(0.05253923798 -0.0001748975515 -0.0009377383239)
(0.05253923416 0.0009160116315 -0.0009377383239)
(0.05253924179 0.002006920815 -0.0009377383239)
(0.05253923798 0.003097829342 -0.0009377383239)
(0.05253923798 0.004188738823 -0.0009377383239)
(0.05253923798 0.005279647827 -0.0009377383239)
(0.05253923798 0.006370557308 -0.0009377383239)
(0.05653853607 0.01146076012 -0.0009377383239)
(0.05653857422 0.01065918827 -0.0009377383239)
(0.05653861237 0.009777508736 -0.0009377383239)
(0.0565386467 0.008816184998 -0.0009377383239)
(0.0565387001 0.007777984142 -0.0009377383239)
(0.05653874588 0.006668267727 -0.0009377383239)
(0.05653879929 0.005495107174 -0.0009377383239)
(0.05653885269 0.004269240379 -0.0009377383239)
(0.05653890991 0.003003792286 -0.0009377383239)
(0.05653896713 0.001713783503 -0.0009377383239)
(0.05653901672 0.0004154653549 -0.0009377383239)
(0.05653907776 -0.0008744912148 -0.0009377383239)
(0.05653913116 -0.002139840126 -0.0009377383239)
(0.05653918457 -0.003365558624 -0.0009377383239)
(0.06399999619 0.06220660019 -0.0009377383239)
(0.064 0.06037098312 -0.0009377383239)
(0.06399999619 0.05849774933 -0.0009377383239)
(0.06400000763 0.0565919838 -0.0009377383239)
(0.064 0.05465910339 -0.0009377383239)
(0.06400000763 0.05270492935 -0.0009377383239)
(0.06399998856 0.05073545456 -0.0009377383239)
(0.06400000763 0.04875697327 -0.0009377383239)
(0.064 0.04677580261 -0.0009377383239)
(0.064 0.04479835892 -0.0009377383239)
(0.064 0.04283097839 -0.0009377383239)
(0.064 0.04087987137 -0.0009377383239)
(0.064 0.03895105362 -0.0009377383239)
(0.064 0.03705024719 -0.0009377383239)
(0.064 0.03518283844 -0.0009377383239)
(0.064 0.03335383224 -0.0009377383239)
(0.06399703217 0.03156459236 -0.0009377383239)
(0.0639254303 0.0298166523 -0.0009377383239)
(0.06376489258 0.02812812042 -0.0009377383239)
(0.0635246048 0.02650462151 -0.0009377383239)
(0.06321386719 0.02495054626 -0.0009377383239)
(0.06284192657 0.02346912575 -0.0009377383239)
(0.06241785049 0.02206246948 -0.0009377383239)
(0.06195043945 0.02073184776 -0.0009377383239)
(0.06144937515 0.01948063469 -0.0009377383239)
(0.06092317581 0.01830877113 -0.0009377383239)
(0.06037921906 0.01721418762 -0.0009377383239)
(0.05982406998 0.01619427872 -0.0009377383239)
(0.05926364136 0.01524607658 -0.0009377383239)
(0.05870304871 0.01436630058 -0.0009377383239)
(0.0581467514 0.01355148888 -0.0009377383239)
(0.05759854126 0.01279804993 -0.0009377383239)
(0.05706159973 0.01210235023 -0.0009377383239)
(0.04710158094 0.02288611594 -0.0009377383239)
(0.04702647702 0.005282911388 -0.0009377383239)
(0.001732050808 0.009 -0.0009377383239)
(0.04973205081 0.037 -0.0009377383239)
(0.04973205081 0.047 -0.0009377383239)
(0.025 0.001732050808 -0.0009377383239)
(0.0534839967 -0.001811268023 -0.0009377383239)
(0.0534839933 0.003643284082 -0.0009377383239)
(0.05577503642 0.01021831547 -0.0009377383239)
(0.06234956054 0.05754485665 -0.0009377383239)
(0.03934932558 0.002479927941 -0.0009377383239)
(0.04962344343 0.03092604896 -0.0009377383239)
(0.005 0.001732050808 -0.0009377383239)
(0.04973205081 0.057 -0.0009377383239)
(0.05149481351 0.007863887835 -0.0009377383239)
(0.003 0.01426794919 -0.0009377383239)
(0.031 0.001732050808 -0.0009377383239)
(0.05348399247 0.006916011572 -0.0009377383239)
(0.05541461543 0.001064581482 -0.0009377383239)
(0.051 0.06226794919 -0.0009377383239)
(0.06241030708 0.06128878835 -0.0009377383239)
(0.05503923798 -0.003672508761 -0.0009377383239)
(0.015 0.01426794919 -0.0009377383239)
(0.05822143667 0.01529167606 -0.0009377383239)
(0.04590117832 0.0211265188 -0.0009377383239)
(0.04808210995 0.02476541913 -0.0009377383239)
(0.04564655372 0.004639763862 -0.0009377383239)
(0.04111388927 0.01689842479 -0.0009377383239)
(0.04830426141 0.005940048393 -0.0009377383239)
(0.009 0.01426794919 -0.0009377383239)
(0.001732050808 0.007 -0.0009377383239)
(0.001732050808 0.011 -0.0009377383239)
(0.06238277658 0.03611654282 -0.0009377383239)
(0.04973205081 0.035 -0.0009377383239)
(0.04973205081 0.039 -0.0009377383239)
(0.06228748353 0.04578708076 -0.0009377383239)
(0.04973205081 0.045 -0.0009377383239)
(0.04973205081 0.049 -0.0009377383239)
(0.023 0.01426794919 -0.0009377383239)
(0.023 0.001732050808 -0.0009377383239)
(0.027 0.001732050808 -0.0009377383239)
(0.05348399077 -0.002902173604 -0.0009377383239)
(0.05348399701 -0.0007203456252 -0.0009377383239)
(0.05348399438 0.002552378382 -0.0009377383239)
(0.05348399289 0.004734193325 -0.0009377383239)
(0.05584437356 0.01105994116 -0.0009377383239)
(0.05570609875 0.009296817134 -0.0009377383239)
(0.057 0.06226794919 -0.0009377383239)
(0.06232608028 0.0556255502 -0.0009377383239)
(0.03767807285 0.0021020777 -0.0009377383239)
(0.04100335348 0.002933289428 -0.0009377383239)
(0.06238284994 0.0291114161 -0.0009377383239)
(0.04935114158 0.02880495093 -0.0009377383239)
(0.007 0.001732050808 -0.0009377383239)
(0.001732050808 0.003 -0.0009377383239)
(0.04973205081 0.055 -0.0009377383239)
(0.04973205081 0.059 -0.0009377383239)
(0.0505381796 0.00724205964 -0.0009377383239)
(0.005 0.01426794919 -0.0009377383239)
(0.029 0.001732050808 -0.0009377383239)
(0.031 0.01426794919 -0.0009377383239)
(0.03278210731 0.00143841861 -0.0009377383239)
(0.05552278574 0.0060816412 -0.0009377383239)
(0.0534839933 0.005825102568 -0.0009377383239)
(0.05542175814 0.00235873834 -0.0009377383239)
(0.05542191208 -0.0002295657879 -0.0009377383239)
(0.053 0.06226794919 -0.0009377383239)
(0.06237773004 0.05943436953 -0.0009377383239)
(0.017 0.01426794919 -0.0009377383239)
(0.015 0.001732050808 -0.0009377383239)
(0.013 0.01426794919 -0.0009377383239)
(0.05771925242 0.01444066233 -0.0009377383239)
(0.05872268853 0.01620552307 -0.0009377383239)
(0.04448773382 0.01951226428 -0.0009377383239)
(0.04883466321 0.02674489069 -0.0009377383239)
(0.060616325 0.02054017564 -0.0009377383239)
(0.04417292924 0.004025237997 -0.0009377383239)
(0.04287347294 0.01809882785 -0.0009377383239)
(0.03923458398 0.01591789977 -0.0009377383239)
(0.011 0.01426794919 -0.0009377383239)
(0.007 0.01426794919 -0.0009377383239)
(0.001732050808 0.005 -0.0009377383239)
(0.06241603417 0.03426833534 -0.0009377383239)
(0.06235385335 0.03800065041 -0.0009377383239)
(0.04973205081 0.033 -0.0009377383239)
(0.04973205081 0.041 -0.0009377383239)
(0.06229619849 0.04381466866 -0.0009377383239)
(0.0622842597 0.04776639455 -0.0009377383239)
(0.04973205081 0.043 -0.0009377383239)
(0.04973205081 0.051 -0.0009377383239)
(0.025 0.01426794919 -0.0009377383239)
(0.021 0.01426794919 -0.0009377383239)
(0.019 0.001732050808 -0.0009377383239)
(0.021 0.001732050808 -0.0009377383239)
(0.05348399113 0.0003705603436 -0.0009377383239)
(0.05624443456 0.01223454159 -0.0009377383239)
(0.05563956509 0.008297038319 -0.0009377383239)
(0.055 0.06226794919 -0.0009377383239)
(0.059 0.06226794919 -0.0009377383239)
(0.06229438289 0.05172020847 -0.0009377383239)
(0.06230763945 0.05368200977 -0.0009377383239)
(0.03601201245 0.001803200355 -0.0009377383239)
(0.06223875738 0.02752446629 -0.0009377383239)
(0.06244747073 0.03075263137 -0.0009377383239)
(0.011 0.001732050808 -0.0009377383239)
(0.009 0.001732050808 -0.0009377383239)
(0.04973205081 0.053 -0.0009377383239)
(0.04947523346 0.006597258499 -0.0009377383239)
(0.03307395225 0.01437655066 -0.0009377383239)
(0.029 0.01426794919 -0.0009377383239)
(0.03437318862 0.001583157248 -0.0009377383239)
(0.0554771942 0.004882127526 -0.0009377383239)
(0.05544328016 -0.001507211921 -0.0009377383239)
(0.019 0.01426794919 -0.0009377383239)
(0.013 0.001732050808 -0.0009377383239)
(0.017 0.001732050808 -0.0009377383239)
(0.05722014906 0.01364953331 -0.0009377383239)
(0.05970326031 0.01823255975 -0.0009377383239)
(0.05921837749 0.01718500637 -0.0009377383239)
(0.06103179276 0.02180194846 -0.0009377383239)
(0.0426183183 0.0034533735 -0.0009377383239)
(0.03725512024 0.01516534061 -0.0009377383239)
(0.06232959483 0.03991546249 -0.0009377383239)
(0.027 0.01426794919 -0.0009377383239)
(0.05348399304 0.001461459616 -0.0009377383239)
(0.05672757689 0.01291520508 -0.0009377383239)
(0.05557768039 0.007223086291 -0.0009377383239)
(0.06228658303 0.04974619739 -0.0009377383239)
(0.06202336735 0.02599669055 -0.0009377383239)
(0.06244898889 0.03246178252 -0.0009377383239)
(0.05544297111 0.003636466778 -0.0009377383239)
(0.06017141187 0.01935040491 -0.0009377383239)
(0.06141168847 0.02313305827 -0.0009377383239)
(0.03519505905 0.01464885677 -0.0009377383239)
(0.06231029175 0.04185542488 -0.0009377383239)
(0.06174494908 0.02453194603 -0.0009377383239)
(0.05299581392 0.01020297118 -0.0009377383239)
(0.04359299791 0.01084776883 -0.0009377383239)
(0.008 0.008 -0.0009377383239)
(0.05601842709 0.036 -0.0009377383239)
(0.05597174915 0.046 -0.0009377383239)
(0.024 0.008 -0.0009377383239)
(0.05680230414 0.05665292338 -0.0009377383239)
(0.05586491283 0.02904675522 -0.0009377383239)
(0.004 0.012 -0.0009377383239)
(0.052 0.06 -0.0009377383239)
(0.016 0.008 -0.0009377383239)
(0.05205554813 0.01821724642 -0.0009377383239)
(0.004 0.004 -0.0009377383239)
(0.06030888471 0.06039820901 -0.0009377383239)
(0.03293273334 0.007907378535 -0.0009377383239)
(0.05441951127 0.007828582877 -0.0009377383239)
(0.05389417832 0.01237959378 -0.0009377383239)
(0.05438241026 0.01075671567 -0.0009377383239)
(0.04848616283 0.01144569372 -0.0009377383239)
(0.04498360282 0.00786411726 -0.0009377383239)
(0.04164776024 0.01358396027 -0.0009377383239)
(0.03870751812 0.008065404429 -0.0009377383239)
(0.008 0.004786254496 -0.0009377383239)
(0.01 0.01089466187 -0.0009377383239)
(0.004786254496 0.008 -0.0009377383239)
(0.05279570187 0.036 -0.0009377383239)
(0.05921750527 0.03513518234 -0.0009377383239)
(0.05738809667 0.04083637066 -0.0009377383239)
(0.0527717679 0.046 -0.0009377383239)
(0.05909230325 0.04478673778 -0.0009377383239)
(0.05860265634 0.04876061776 -0.0009377383239)
(0.024 0.004786254496 -0.0009377383239)
(0.022 0.01089466187 -0.0009377383239)
(0.026 0.01089466187 -0.0009377383239)
(0.056 0.05949216437 -0.0009377383239)
(0.05965324642 0.05661804575 -0.0009377383239)
(0.05322660672 0.056 -0.0009377383239)
(0.05258792211 0.02946744801 -0.0009377383239)
(0.05912856584 0.0286068834 -0.0009377383239)
(0.0562799474 0.02387787991 -0.0009377383239)
(0.006 0.01247258412 -0.0009377383239)
(0.003527415882 0.01 -0.0009377383239)
(0.054 0.06047258412 -0.0009377383239)
(0.05152741588 0.058 -0.0009377383239)
(0.016 0.0112137455 -0.0009377383239)
(0.016 0.004786254496 -0.0009377383239)
(0.04920878239 0.02015931882 -0.0009377383239)
(0.05505797428 0.01658476245 -0.0009377383239)
(0.003527415882 0.006 -0.0009377383239)
(0.006 0.003527415882 -0.0009377383239)
(0.06069026598 0.0585145604 -0.0009377383239)
(0.03329091299 0.004662804944 -0.0009377383239)
(0.03457163369 0.01110772956 -0.0009377383239)
(0.02845048436 0.006421944493 -0.0009377383239)
(0.03 0.01049016049 -0.0009377383239)
(0.05342773925 0.007909486656 -0.0009377383239)
(0.05472340454 0.008860110587 -0.0009377383239)
(0.05458105163 0.006727173113 -0.0009377383239)
(0.05514459888 0.01352701847 -0.0009377383239)
(0.05113266276 0.01224565921 -0.0009377383239)
(0.04656112878 0.01551574869 -0.0009377383239)
(0.04875912772 0.008976276206 -0.0009377383239)
(0.0442045241 0.006023602412 -0.0009377383239)
(0.04683343928 0.007229144197 -0.0009377383239)
(0.04615225087 0.01022468347 -0.0009377383239)
(0.04332057185 0.01555363354 -0.0009377383239)
(0.03908037555 0.0133439347 -0.0009377383239)
(0.03786968365 0.005139519653 -0.0009377383239)
(0.04185378751 0.00822127786 -0.0009377383239)
(0.01 0.003750279031 -0.0009377383239)
(0.012 0.01213663544 -0.0009377383239)
(0.012 0.00737454998 -0.0009377383239)
(0.006393127248 0.006393127248 -0.0009377383239)
(0.05175348823 0.038 -0.0009377383239)
(0.05175348823 0.034 -0.0009377383239)
(0.06044467755 0.03332879732 -0.0009377383239)
(0.05678995069 0.0325046492 -0.0009377383239)
(0.06036546867 0.0370278506 -0.0009377383239)
(0.05358319489 0.042 -0.0009377383239)
(0.05994940651 0.04086185629 -0.0009377383239)
(0.05174537633 0.048 -0.0009377383239)
(0.05174537633 0.044 -0.0009377383239)
(0.05677412699 0.04344402485 -0.0009377383239)
(0.06022451096 0.04677338019 -0.0009377383239)
(0.05845498911 0.052727098 -0.0009377383239)
(0.06004635023 0.05074207012 -0.0009377383239)
(0.05802949995 0.0466728893 -0.0009377383239)
(0.022 0.003750279031 -0.0009377383239)
(0.026 0.003750279031 -0.0009377383239)
(0.02 0.01213663544 -0.0009377383239)
(0.024 0.01213663544 -0.0009377383239)
(0.02 0.00737454998 -0.0009377383239)
(0.028 0.01213663544 -0.0009377383239)
(0.05809251882 0.060239677 -0.0009377383239)
(0.060451122 0.05467148261 -0.0009377383239)
(0.0547793054 0.05761424734 -0.0009377383239)
(0.05190856785 0.054 -0.0009377383239)
(0.05136473401 0.02720534916 -0.0009377383239)
(0.06031839725 0.02701613294 -0.0009377383239)
(0.06057815958 0.03000435334 -0.0009377383239)
(0.05829115667 0.02200507845 -0.0009377383239)
(0.05719015026 0.02655206484 -0.0009377383239)
(0.008202370283 0.01219662744 -0.0009377383239)
(0.006393127248 0.009964917509 -0.0009377383239)
(0.014 0.003750279031 -0.0009377383239)
(0.018 0.003750279031 -0.0009377383239)
(0.04970719968 0.02272207857 -0.0009377383239)
(0.04699847312 0.01873979058 -0.0009377383239)
(0.05654524339 0.01570712313 -0.0009377383239)
(0.05684459338 0.01891975982 -0.0009377383239)
(0.034947967 0.003515145724 -0.0009377383239)
(0.03580729881 0.008455129127 -0.0009377383239)
(0.0321596205 0.01198012149 -0.0009377383239)
(0.02662106743 0.008327291706 -0.0009377383239)
(0.03105823179 0.006058388714 -0.0009377383239)
(0.05244062571 0.008762065463 -0.0009377383239)
(0.05488450001 0.009821609063 -0.0009377383239)
(0.05454051268 0.005658342595 -0.0009377383239)
(0.05265362175 0.01498654915 -0.0009377383239)
(0.05616854473 0.01382256 -0.0009377383239)
(0.04909108933 0.01422208273 -0.0009377383239)
(0.04503417172 0.01725965948 -0.0009377383239)
(0.05025238176 0.008728504419 -0.0009377383239)
(0.04291548875 0.005044550552 -0.0009377383239)
(0.04826599299 0.007380016483 -0.0009377383239)
(0.0457859766 0.006142561609 -0.0009377383239)
(0.04545777862 0.01293968129 -0.0009377383239)
(0.03665729927 0.01256598379 -0.0009377383239)
(0.03970667275 0.004420124246 -0.0009377383239)
(0.04352812597 0.009001644886 -0.0009377383239)
(0.0401581829 0.01061536823 -0.0009377383239)
(0.012 0.003484391073 -0.0009377383239)
(0.01414338909 0.01229666908 -0.0009377383239)
(0.01420235618 0.006393127248 -0.0009377383239)
(0.009965934026 0.006133048428 -0.0009377383239)
(0.01015087219 0.008652162281 -0.0009377383239)
(0.05148481574 0.04 -0.0009377383239)
(0.05480332224 0.03895625193 -0.0009377383239)
(0.05440706448 0.03388875564 -0.0009377383239)
(0.05183115838 0.03167121411 -0.0009377383239)
(0.05731686538 0.03445377833 -0.0009377383239)
(0.05770957413 0.03040595866 -0.0009377383239)
(0.05448465833 0.0312686714 -0.0009377383239)
(0.05781621509 0.03810299481 -0.0009377383239)
(0.06066369225 0.03893679767 -0.0009377383239)
(0.05437175852 0.04424226717 -0.0009377383239)
(0.06029778197 0.04299395993 -0.0009377383239)
(0.05504826014 0.04951405238 -0.0009377383239)
(0.05148374957 0.05 -0.0009377383239)
(0.05559979044 0.04179142206 -0.0009377383239)
(0.05820695325 0.05493346489 -0.0009377383239)
(0.05798983032 0.05072379185 -0.0009377383239)
(0.02 0.003484391073 -0.0009377383239)
(0.02837072698 0.004035459044 -0.0009377383239)
(0.01785661091 0.01229666908 -0.0009377383239)
(0.02410122662 0.01006831772 -0.0009377383239)
(0.02203406597 0.006133048428 -0.0009377383239)
(0.01779764382 0.006393127248 -0.0009377383239)
(0.02184912781 0.008652162281 -0.0009377383239)
(0.02793155067 0.01001553512 -0.0009377383239)
(0.05824641215 0.05815888642 -0.0009377383239)
(0.06054142264 0.0526766265 -0.0009377383239)
(0.05512349581 0.0557293083 -0.0009377383239)
(0.05396983461 0.0272584468 -0.0009377383239)
(0.05046023388 0.02499409487 -0.0009377383239)
(0.06057679139 0.02551282225 -0.0009377383239)
(0.06096900889 0.02843977406 -0.0009377383239)
(0.06102045779 0.03160847517 -0.0009377383239)
(0.05895619974 0.0204829045 -0.0009377383239)
(0.05973473122 0.02289189247 -0.0009377383239)
(0.00833059005 0.009909844335 -0.0009377383239)
(0.05185123913 0.02097524881 -0.0009377383239)
(0.04941617042 0.0174058298 -0.0009377383239)
(0.05756800923 0.01624447955 -0.0009377383239)
(0.05439514416 0.01894293865 -0.0009377383239)
(0.05576445024 0.02130796165 -0.0009377383239)
(0.03676629605 0.003684359935 -0.0009377383239)
(0.03345043844 0.002909175345 -0.0009377383239)
(0.03415676841 0.00930036605 -0.0009377383239)
(0.03708110041 0.006948232839 -0.0009377383239)
(0.03469796579 0.006460191486 -0.0009377383239)
(0.03203739626 0.009847170172 -0.0009377383239)
(0.02553161771 0.006393127248 -0.0009377383239)
(0.03125669332 0.003892156607 -0.0009377383239)
(0.03002102654 0.008152951499 -0.0009377383239)
(0.05320818911 0.01675991882 -0.0009377383239)
(0.05527980945 0.0149801362 -0.0009377383239)
(0.0568133293 0.01445918602 -0.0009377383239)
(0.0558695388 0.01301244825 -0.0009377383239)
(0.05097509314 0.01412554275 -0.0009377383239)
(0.05132697536 0.0100185718 -0.0009377383239)
(0.0494683886 0.007807069049 -0.0009377383239)
(0.04138794289 0.004506498635 -0.0009377383239)
(0.04742224041 0.008514980396 -0.0009377383239)
(0.04743390849 0.01312905744 -0.0009377383239)
(0.04493097092 0.01468963774 -0.0009377383239)
(0.04347913575 0.01282637952 -0.0009377383239)
(0.03752390943 0.01024349048 -0.0009377383239)
(0.04035916741 0.006558542 -0.0009377383239)
(0.04205421565 0.009977639164 -0.0009377383239)
(0.04346548307 0.007421581041 -0.0009377383239)
(0.01325544668 0.009755592708 -0.0009377383239)
(0.01245307679 0.005429470527 -0.0009377383239)
(0.05146422401 0.042 -0.0009377383239)
(0.05440706448 0.03706553102 -0.0009377383239)
(0.0533526016 0.04014113731 -0.0009377383239)
(0.05777790548 0.03615922839 -0.0009377383239)
(0.05879425214 0.03213208258 -0.0009377383239)
(0.05843899951 0.04245991111 -0.0009377383239)
(0.05383207674 0.04780751594 -0.0009377383239)
(0.05354501886 0.0518036426 -0.0009377383239)
(0.05149990761 0.05202084276 -0.0009377383239)
(0.01874455332 0.009755592708 -0.0009377383239)
(0.01954692321 0.005429470527 -0.0009377383239)
(0.05621643396 0.05359256891 -0.0009377383239)
(0.05392409144 0.0541060374 -0.0009377383239)
(0.05531522945 0.02569823127 -0.0009377383239)
(0.05270530767 0.02536637837 -0.0009377383239)
(0.05891444481 0.01921986738 -0.0009377383239)
(0.05975132462 0.02152428451 -0.0009377383239)
(0.05814385221 0.0238632113 -0.0009377383239)
(0.0604154396 0.02410953783 -0.0009377383239)
(0.05117487485 0.01638350732 -0.0009377383239)
(0.04835620022 0.01590558961 -0.0009377383239)
(0.05641822866 0.01719088186 -0.0009377383239)
(0.05817480077 0.01709796244 -0.0009377383239)
(0.05383285843 0.02084740544 -0.0009377383239)
(0.03824437328 0.003482246508 -0.0009377383239)
(0.0320666191 0.002650773408 -0.0009377383239)
(0.05494964845 0.01248442501 -0.0009377383239)
(0.05245700382 0.01330320934 -0.0009377383239)
(0.04973763405 0.01024986466 -0.0009377383239)
(0.04765331878 0.01001316226 -0.0009377383239)
(0.04206600987 0.01175247752 -0.0009377383239)
(0.04203250141 0.006557514335 -0.0009377383239)
(0.01509408747 0.009606872752 -0.0009377383239)
(0.0559972512 0.03771914364 -0.0009377383239)
(0.05565090325 0.05154799576 -0.0009377383239)
(0.05421176121 0.02394762663 -0.0009377383239)
(0.05191412903 0.02324163916 -0.0009377383239)
(0.05874802676 0.025591064 -0.0009377383239)
(0.0586166809 0.01809951065 -0.0009377383239)
(0.05435202194 0.01313569606 -0.0009377383239)
(0.05253604042 0.01184624088 -0.0009377383239)
(0.04707066231 0.01131027148 -0.0009377383239)
(0.05424871481 0.01434322867 -0.0009377383239)
(0.05415826673 0.01564273318 -0.0009377383239)
)


// ************************************************************************* //
