/*--------------------------------*- C++ -*----------------------------------*\
| =========                 |                                                 |
| \\      /  F ield         | OpenFOAM: The Open Source CFD Toolbox           |
|  \\    /   O peration     | Version:  2.2.2                                 |
|   \\  /    A nd           | Web:      www.OpenFOAM.org                      |
|    \\/     M anipulation  |                                                 |
\*---------------------------------------------------------------------------*/
FoamFile
{
    version     2.0;
    format      ascii;
    class       labelList;
    note        "nPoints: 1722 nCells: 800 nFaces: 3260 nInternalFaces: 1540";
    location    "constant/polyMesh";
    object      neighbour;
}
// * * * * * * * * * * * * * * * * * * * * * * * * * * * * * * * * * * * * * //


1540
(
1
10
2
11
3
12
4
13
5
14
6
15
7
16
8
17
9
18
19
200
11
20
12
21
13
22
14
23
15
24
16
25
17
26
18
27
19
28
29
210
21
30
22
31
23
32
24
33
25
34
26
35
27
36
28
37
29
38
39
220
31
40
32
41
33
42
34
43
35
44
36
45
37
46
38
47
39
48
49
230
41
50
42
51
43
52
44
53
45
54
46
55
47
56
48
57
49
58
59
240
51
60
52
61
53
62
54
63
55
64
56
65
57
66
58
67
59
68
69
250
61
70
62
71
63
72
64
73
65
74
66
75
67
76
68
77
69
78
79
260
71
80
72
81
73
82
74
83
75
84
76
85
77
86
78
87
79
88
89
270
81
90
82
91
83
92
84
93
85
94
86
95
87
96
88
97
89
98
99
280
91
100
92
101
93
102
94
103
95
104
96
105
97
106
98
107
99
108
109
290
101
110
102
111
103
112
104
113
105
114
106
115
107
116
108
117
109
118
119
300
111
120
112
121
113
122
114
123
115
124
116
125
117
126
118
127
119
128
129
310
121
130
122
131
123
132
124
133
125
134
126
135
127
136
128
137
129
138
139
320
131
140
132
141
133
142
134
143
135
144
136
145
137
146
138
147
139
148
149
330
141
150
142
151
143
152
144
153
145
154
146
155
147
156
148
157
149
158
159
340
151
160
152
161
153
162
154
163
155
164
156
165
157
166
158
167
159
168
169
350
161
170
162
171
163
172
164
173
165
174
166
175
167
176
168
177
169
178
179
360
171
180
172
181
173
182
174
183
175
184
176
185
177
186
178
187
179
188
189
370
181
190
182
191
183
192
184
193
185
194
186
195
187
196
188
197
189
198
199
380
191
192
193
194
195
196
197
198
199
390
201
210
202
211
203
212
204
213
205
214
206
215
207
216
208
217
209
218
219
400
211
220
212
221
213
222
214
223
215
224
216
225
217
226
218
227
219
228
229
420
221
230
222
231
223
232
224
233
225
234
226
235
227
236
228
237
229
238
239
440
231
240
232
241
233
242
234
243
235
244
236
245
237
246
238
247
239
248
249
460
241
250
242
251
243
252
244
253
245
254
246
255
247
256
248
257
249
258
259
480
251
260
252
261
253
262
254
263
255
264
256
265
257
266
258
267
259
268
269
500
261
270
262
271
263
272
264
273
265
274
266
275
267
276
268
277
269
278
279
520
271
280
272
281
273
282
274
283
275
284
276
285
277
286
278
287
279
288
289
540
281
290
282
291
283
292
284
293
285
294
286
295
287
296
288
297
289
298
299
560
291
300
292
301
293
302
294
303
295
304
296
305
297
306
298
307
299
308
309
580
301
310
302
311
303
312
304
313
305
314
306
315
307
316
308
317
309
318
319
600
311
320
312
321
313
322
314
323
315
324
316
325
317
326
318
327
319
328
329
620
321
330
322
331
323
332
324
333
325
334
326
335
327
336
328
337
329
338
339
640
331
340
332
341
333
342
334
343
335
344
336
345
337
346
338
347
339
348
349
660
341
350
342
351
343
352
344
353
345
354
346
355
347
356
348
357
349
358
359
680
351
360
352
361
353
362
354
363
355
364
356
365
357
366
358
367
359
368
369
700
361
370
362
371
363
372
364
373
365
374
366
375
367
376
368
377
369
378
379
720
371
380
372
381
373
382
374
383
375
384
376
385
377
386
378
387
379
388
389
740
381
390
382
391
383
392
384
393
385
394
386
395
387
396
388
397
389
398
399
760
391
392
393
394
395
396
397
398
399
780
401
420
402
421
403
422
404
423
405
424
406
425
407
426
408
427
409
428
410
429
411
430
412
431
413
432
414
433
415
434
416
435
417
436
418
437
419
438
439
421
440
422
441
423
442
424
443
425
444
426
445
427
446
428
447
429
448
430
449
431
450
432
451
433
452
434
453
435
454
436
455
437
456
438
457
439
458
459
441
460
442
461
443
462
444
463
445
464
446
465
447
466
448
467
449
468
450
469
451
470
452
471
453
472
454
473
455
474
456
475
457
476
458
477
459
478
479
461
480
462
481
463
482
464
483
465
484
466
485
467
486
468
487
469
488
470
489
471
490
472
491
473
492
474
493
475
494
476
495
477
496
478
497
479
498
499
481
500
482
501
483
502
484
503
485
504
486
505
487
506
488
507
489
508
490
509
491
510
492
511
493
512
494
513
495
514
496
515
497
516
498
517
499
518
519
501
520
502
521
503
522
504
523
505
524
506
525
507
526
508
527
509
528
510
529
511
530
512
531
513
532
514
533
515
534
516
535
517
536
518
537
519
538
539
521
540
522
541
523
542
524
543
525
544
526
545
527
546
528
547
529
548
530
549
531
550
532
551
533
552
534
553
535
554
536
555
537
556
538
557
539
558
559
541
560
542
561
543
562
544
563
545
564
546
565
547
566
548
567
549
568
550
569
551
570
552
571
553
572
554
573
555
574
556
575
557
576
558
577
559
578
579
561
580
562
581
563
582
564
583
565
584
566
585
567
586
568
587
569
588
570
589
571
590
572
591
573
592
574
593
575
594
576
595
577
596
578
597
579
598
599
581
600
582
601
583
602
584
603
585
604
586
605
587
606
588
607
589
608
590
609
591
610
592
611
593
612
594
613
595
614
596
615
597
616
598
617
599
618
619
601
620
602
621
603
622
604
623
605
624
606
625
607
626
608
627
609
628
610
629
611
630
612
631
613
632
614
633
615
634
616
635
617
636
618
637
619
638
639
621
640
622
641
623
642
624
643
625
644
626
645
627
646
628
647
629
648
630
649
631
650
632
651
633
652
634
653
635
654
636
655
637
656
638
657
639
658
659
641
660
642
661
643
662
644
663
645
664
646
665
647
666
648
667
649
668
650
669
651
670
652
671
653
672
654
673
655
674
656
675
657
676
658
677
659
678
679
661
680
662
681
663
682
664
683
665
684
666
685
667
686
668
687
669
688
670
689
671
690
672
691
673
692
674
693
675
694
676
695
677
696
678
697
679
698
699
681
700
682
701
683
702
684
703
685
704
686
705
687
706
688
707
689
708
690
709
691
710
692
711
693
712
694
713
695
714
696
715
697
716
698
717
699
718
719
701
720
702
721
703
722
704
723
705
724
706
725
707
726
708
727
709
728
710
729
711
730
712
731
713
732
714
733
715
734
716
735
717
736
718
737
719
738
739
721
740
722
741
723
742
724
743
725
744
726
745
727
746
728
747
729
748
730
749
731
750
732
751
733
752
734
753
735
754
736
755
737
756
738
757
739
758
759
741
760
742
761
743
762
744
763
745
764
746
765
747
766
748
767
749
768
750
769
751
770
752
771
753
772
754
773
755
774
756
775
757
776
758
777
759
778
779
761
780
762
781
763
782
764
783
765
784
766
785
767
786
768
787
769
788
770
789
771
790
772
791
773
792
774
793
775
794
776
795
777
796
778
797
779
798
799
781
782
783
784
785
786
787
788
789
790
791
792
793
794
795
796
797
798
799
)


// ************************************************************************* //
