/*--------------------------------*- C++ -*----------------------------------*\
| =========                 |                                                 |
| \\      /  F ield         | OpenFOAM: The Open Source CFD Toolbox           |
|  \\    /   O peration     | Version:  2.2.2                                 |
|   \\  /    A nd           | Web:      www.OpenFOAM.org                      |
|    \\/     M anipulation  |                                                 |
\*---------------------------------------------------------------------------*/
FoamFile
{
    version     2.0;
    format      ascii;
    class       labelList;
    note        "nPoints: 1722 nCells: 800 nFaces: 3260 nInternalFaces: 1540";
    location    "constant/polyMesh";
    object      owner;
}
// * * * * * * * * * * * * * * * * * * * * * * * * * * * * * * * * * * * * * //


3260
(
0
0
1
1
2
2
3
3
4
4
5
5
6
6
7
7
8
8
9
9
10
10
11
11
12
12
13
13
14
14
15
15
16
16
17
17
18
18
19
19
20
20
21
21
22
22
23
23
24
24
25
25
26
26
27
27
28
28
29
29
30
30
31
31
32
32
33
33
34
34
35
35
36
36
37
37
38
38
39
39
40
40
41
41
42
42
43
43
44
44
45
45
46
46
47
47
48
48
49
49
50
50
51
51
52
52
53
53
54
54
55
55
56
56
57
57
58
58
59
59
60
60
61
61
62
62
63
63
64
64
65
65
66
66
67
67
68
68
69
69
70
70
71
71
72
72
73
73
74
74
75
75
76
76
77
77
78
78
79
79
80
80
81
81
82
82
83
83
84
84
85
85
86
86
87
87
88
88
89
89
90
90
91
91
92
92
93
93
94
94
95
95
96
96
97
97
98
98
99
99
100
100
101
101
102
102
103
103
104
104
105
105
106
106
107
107
108
108
109
109
110
110
111
111
112
112
113
113
114
114
115
115
116
116
117
117
118
118
119
119
120
120
121
121
122
122
123
123
124
124
125
125
126
126
127
127
128
128
129
129
130
130
131
131
132
132
133
133
134
134
135
135
136
136
137
137
138
138
139
139
140
140
141
141
142
142
143
143
144
144
145
145
146
146
147
147
148
148
149
149
150
150
151
151
152
152
153
153
154
154
155
155
156
156
157
157
158
158
159
159
160
160
161
161
162
162
163
163
164
164
165
165
166
166
167
167
168
168
169
169
170
170
171
171
172
172
173
173
174
174
175
175
176
176
177
177
178
178
179
179
180
180
181
181
182
182
183
183
184
184
185
185
186
186
187
187
188
188
189
189
190
191
192
193
194
195
196
197
198
199
200
200
201
201
202
202
203
203
204
204
205
205
206
206
207
207
208
208
209
209
210
210
211
211
212
212
213
213
214
214
215
215
216
216
217
217
218
218
219
219
220
220
221
221
222
222
223
223
224
224
225
225
226
226
227
227
228
228
229
229
230
230
231
231
232
232
233
233
234
234
235
235
236
236
237
237
238
238
239
239
240
240
241
241
242
242
243
243
244
244
245
245
246
246
247
247
248
248
249
249
250
250
251
251
252
252
253
253
254
254
255
255
256
256
257
257
258
258
259
259
260
260
261
261
262
262
263
263
264
264
265
265
266
266
267
267
268
268
269
269
270
270
271
271
272
272
273
273
274
274
275
275
276
276
277
277
278
278
279
279
280
280
281
281
282
282
283
283
284
284
285
285
286
286
287
287
288
288
289
289
290
290
291
291
292
292
293
293
294
294
295
295
296
296
297
297
298
298
299
299
300
300
301
301
302
302
303
303
304
304
305
305
306
306
307
307
308
308
309
309
310
310
311
311
312
312
313
313
314
314
315
315
316
316
317
317
318
318
319
319
320
320
321
321
322
322
323
323
324
324
325
325
326
326
327
327
328
328
329
329
330
330
331
331
332
332
333
333
334
334
335
335
336
336
337
337
338
338
339
339
340
340
341
341
342
342
343
343
344
344
345
345
346
346
347
347
348
348
349
349
350
350
351
351
352
352
353
353
354
354
355
355
356
356
357
357
358
358
359
359
360
360
361
361
362
362
363
363
364
364
365
365
366
366
367
367
368
368
369
369
370
370
371
371
372
372
373
373
374
374
375
375
376
376
377
377
378
378
379
379
380
380
381
381
382
382
383
383
384
384
385
385
386
386
387
387
388
388
389
389
390
391
392
393
394
395
396
397
398
399
400
400
401
401
402
402
403
403
404
404
405
405
406
406
407
407
408
408
409
409
410
410
411
411
412
412
413
413
414
414
415
415
416
416
417
417
418
418
419
420
420
421
421
422
422
423
423
424
424
425
425
426
426
427
427
428
428
429
429
430
430
431
431
432
432
433
433
434
434
435
435
436
436
437
437
438
438
439
440
440
441
441
442
442
443
443
444
444
445
445
446
446
447
447
448
448
449
449
450
450
451
451
452
452
453
453
454
454
455
455
456
456
457
457
458
458
459
460
460
461
461
462
462
463
463
464
464
465
465
466
466
467
467
468
468
469
469
470
470
471
471
472
472
473
473
474
474
475
475
476
476
477
477
478
478
479
480
480
481
481
482
482
483
483
484
484
485
485
486
486
487
487
488
488
489
489
490
490
491
491
492
492
493
493
494
494
495
495
496
496
497
497
498
498
499
500
500
501
501
502
502
503
503
504
504
505
505
506
506
507
507
508
508
509
509
510
510
511
511
512
512
513
513
514
514
515
515
516
516
517
517
518
518
519
520
520
521
521
522
522
523
523
524
524
525
525
526
526
527
527
528
528
529
529
530
530
531
531
532
532
533
533
534
534
535
535
536
536
537
537
538
538
539
540
540
541
541
542
542
543
543
544
544
545
545
546
546
547
547
548
548
549
549
550
550
551
551
552
552
553
553
554
554
555
555
556
556
557
557
558
558
559
560
560
561
561
562
562
563
563
564
564
565
565
566
566
567
567
568
568
569
569
570
570
571
571
572
572
573
573
574
574
575
575
576
576
577
577
578
578
579
580
580
581
581
582
582
583
583
584
584
585
585
586
586
587
587
588
588
589
589
590
590
591
591
592
592
593
593
594
594
595
595
596
596
597
597
598
598
599
600
600
601
601
602
602
603
603
604
604
605
605
606
606
607
607
608
608
609
609
610
610
611
611
612
612
613
613
614
614
615
615
616
616
617
617
618
618
619
620
620
621
621
622
622
623
623
624
624
625
625
626
626
627
627
628
628
629
629
630
630
631
631
632
632
633
633
634
634
635
635
636
636
637
637
638
638
639
640
640
641
641
642
642
643
643
644
644
645
645
646
646
647
647
648
648
649
649
650
650
651
651
652
652
653
653
654
654
655
655
656
656
657
657
658
658
659
660
660
661
661
662
662
663
663
664
664
665
665
666
666
667
667
668
668
669
669
670
670
671
671
672
672
673
673
674
674
675
675
676
676
677
677
678
678
679
680
680
681
681
682
682
683
683
684
684
685
685
686
686
687
687
688
688
689
689
690
690
691
691
692
692
693
693
694
694
695
695
696
696
697
697
698
698
699
700
700
701
701
702
702
703
703
704
704
705
705
706
706
707
707
708
708
709
709
710
710
711
711
712
712
713
713
714
714
715
715
716
716
717
717
718
718
719
720
720
721
721
722
722
723
723
724
724
725
725
726
726
727
727
728
728
729
729
730
730
731
731
732
732
733
733
734
734
735
735
736
736
737
737
738
738
739
740
740
741
741
742
742
743
743
744
744
745
745
746
746
747
747
748
748
749
749
750
750
751
751
752
752
753
753
754
754
755
755
756
756
757
757
758
758
759
760
760
761
761
762
762
763
763
764
764
765
765
766
766
767
767
768
768
769
769
770
770
771
771
772
772
773
773
774
774
775
775
776
776
777
777
778
778
779
780
781
782
783
784
785
786
787
788
789
790
791
792
793
794
795
796
797
798
0
1
2
3
4
5
6
7
8
9
200
201
202
203
204
205
206
207
208
209
400
401
402
403
404
405
406
407
408
409
410
411
412
413
414
415
416
417
418
419
0
10
20
30
40
50
60
70
80
90
100
110
120
130
140
150
160
170
180
190
1
11
21
31
41
51
61
71
81
91
101
111
121
131
141
151
161
171
181
191
2
12
22
32
42
52
62
72
82
92
102
112
122
132
142
152
162
172
182
192
3
13
23
33
43
53
63
73
83
93
103
113
123
133
143
153
163
173
183
193
4
14
24
34
44
54
64
74
84
94
104
114
124
134
144
154
164
174
184
194
5
15
25
35
45
55
65
75
85
95
105
115
125
135
145
155
165
175
185
195
6
16
26
36
46
56
66
76
86
96
106
116
126
136
146
156
166
176
186
196
7
17
27
37
47
57
67
77
87
97
107
117
127
137
147
157
167
177
187
197
8
18
28
38
48
58
68
78
88
98
108
118
128
138
148
158
168
178
188
198
9
19
29
39
49
59
69
79
89
99
109
119
129
139
149
159
169
179
189
199
200
210
220
230
240
250
260
270
280
290
300
310
320
330
340
350
360
370
380
390
201
211
221
231
241
251
261
271
281
291
301
311
321
331
341
351
361
371
381
391
202
212
222
232
242
252
262
272
282
292
302
312
322
332
342
352
362
372
382
392
203
213
223
233
243
253
263
273
283
293
303
313
323
333
343
353
363
373
383
393
204
214
224
234
244
254
264
274
284
294
304
314
324
334
344
354
364
374
384
394
205
215
225
235
245
255
265
275
285
295
305
315
325
335
345
355
365
375
385
395
206
216
226
236
246
256
266
276
286
296
306
316
326
336
346
356
366
376
386
396
207
217
227
237
247
257
267
277
287
297
307
317
327
337
347
357
367
377
387
397
208
218
228
238
248
258
268
278
288
298
308
318
328
338
348
358
368
378
388
398
209
219
229
239
249
259
269
279
289
299
309
319
329
339
349
359
369
379
389
399
400
420
440
460
480
500
520
540
560
580
600
620
640
660
680
700
720
740
760
780
401
421
441
461
481
501
521
541
561
581
601
621
641
661
681
701
721
741
761
781
402
422
442
462
482
502
522
542
562
582
602
622
642
662
682
702
722
742
762
782
403
423
443
463
483
503
523
543
563
583
603
623
643
663
683
703
723
743
763
783
404
424
444
464
484
504
524
544
564
584
604
624
644
664
684
704
724
744
764
784
405
425
445
465
485
505
525
545
565
585
605
625
645
665
685
705
725
745
765
785
406
426
446
466
486
506
526
546
566
586
606
626
646
666
686
706
726
746
766
786
407
427
447
467
487
507
527
547
567
587
607
627
647
667
687
707
727
747
767
787
408
428
448
468
488
508
528
548
568
588
608
628
648
668
688
708
728
748
768
788
409
429
449
469
489
509
529
549
569
589
609
629
649
669
689
709
729
749
769
789
410
430
450
470
490
510
530
550
570
590
610
630
650
670
690
710
730
750
770
790
411
431
451
471
491
511
531
551
571
591
611
631
651
671
691
711
731
751
771
791
412
432
452
472
492
512
532
552
572
592
612
632
652
672
692
712
732
752
772
792
413
433
453
473
493
513
533
553
573
593
613
633
653
673
693
713
733
753
773
793
414
434
454
474
494
514
534
554
574
594
614
634
654
674
694
714
734
754
774
794
415
435
455
475
495
515
535
555
575
595
615
635
655
675
695
715
735
755
775
795
416
436
456
476
496
516
536
556
576
596
616
636
656
676
696
716
736
756
776
796
417
437
457
477
497
517
537
557
577
597
617
637
657
677
697
717
737
757
777
797
418
438
458
478
498
518
538
558
578
598
618
638
658
678
698
718
738
758
778
798
419
439
459
479
499
519
539
559
579
599
619
639
659
679
699
719
739
759
779
799
0
10
20
30
40
50
60
70
80
90
100
110
120
130
140
150
160
170
180
190
1
11
21
31
41
51
61
71
81
91
101
111
121
131
141
151
161
171
181
191
2
12
22
32
42
52
62
72
82
92
102
112
122
132
142
152
162
172
182
192
3
13
23
33
43
53
63
73
83
93
103
113
123
133
143
153
163
173
183
193
4
14
24
34
44
54
64
74
84
94
104
114
124
134
144
154
164
174
184
194
5
15
25
35
45
55
65
75
85
95
105
115
125
135
145
155
165
175
185
195
6
16
26
36
46
56
66
76
86
96
106
116
126
136
146
156
166
176
186
196
7
17
27
37
47
57
67
77
87
97
107
117
127
137
147
157
167
177
187
197
8
18
28
38
48
58
68
78
88
98
108
118
128
138
148
158
168
178
188
198
9
19
29
39
49
59
69
79
89
99
109
119
129
139
149
159
169
179
189
199
200
210
220
230
240
250
260
270
280
290
300
310
320
330
340
350
360
370
380
390
201
211
221
231
241
251
261
271
281
291
301
311
321
331
341
351
361
371
381
391
202
212
222
232
242
252
262
272
282
292
302
312
322
332
342
352
362
372
382
392
203
213
223
233
243
253
263
273
283
293
303
313
323
333
343
353
363
373
383
393
204
214
224
234
244
254
264
274
284
294
304
314
324
334
344
354
364
374
384
394
205
215
225
235
245
255
265
275
285
295
305
315
325
335
345
355
365
375
385
395
206
216
226
236
246
256
266
276
286
296
306
316
326
336
346
356
366
376
386
396
207
217
227
237
247
257
267
277
287
297
307
317
327
337
347
357
367
377
387
397
208
218
228
238
248
258
268
278
288
298
308
318
328
338
348
358
368
378
388
398
209
219
229
239
249
259
269
279
289
299
309
319
329
339
349
359
369
379
389
399
400
420
440
460
480
500
520
540
560
580
600
620
640
660
680
700
720
740
760
780
401
421
441
461
481
501
521
541
561
581
601
621
641
661
681
701
721
741
761
781
402
422
442
462
482
502
522
542
562
582
602
622
642
662
682
702
722
742
762
782
403
423
443
463
483
503
523
543
563
583
603
623
643
663
683
703
723
743
763
783
404
424
444
464
484
504
524
544
564
584
604
624
644
664
684
704
724
744
764
784
405
425
445
465
485
505
525
545
565
585
605
625
645
665
685
705
725
745
765
785
406
426
446
466
486
506
526
546
566
586
606
626
646
666
686
706
726
746
766
786
407
427
447
467
487
507
527
547
567
587
607
627
647
667
687
707
727
747
767
787
408
428
448
468
488
508
528
548
568
588
608
628
648
668
688
708
728
748
768
788
409
429
449
469
489
509
529
549
569
589
609
629
649
669
689
709
729
749
769
789
410
430
450
470
490
510
530
550
570
590
610
630
650
670
690
710
730
750
770
790
411
431
451
471
491
511
531
551
571
591
611
631
651
671
691
711
731
751
771
791
412
432
452
472
492
512
532
552
572
592
612
632
652
672
692
712
732
752
772
792
413
433
453
473
493
513
533
553
573
593
613
633
653
673
693
713
733
753
773
793
414
434
454
474
494
514
534
554
574
594
614
634
654
674
694
714
734
754
774
794
415
435
455
475
495
515
535
555
575
595
615
635
655
675
695
715
735
755
775
795
416
436
456
476
496
516
536
556
576
596
616
636
656
676
696
716
736
756
776
796
417
437
457
477
497
517
537
557
577
597
617
637
657
677
697
717
737
757
777
797
418
438
458
478
498
518
538
558
578
598
618
638
658
678
698
718
738
758
778
798
419
439
459
479
499
519
539
559
579
599
619
639
659
679
699
719
739
759
779
799
0
10
20
30
40
50
60
70
80
90
100
110
120
130
140
150
160
170
180
190
190
191
192
193
194
195
196
197
198
199
390
391
392
393
394
395
396
397
398
399
419
439
459
479
499
519
539
559
579
599
619
639
659
679
699
719
739
759
779
799
780
781
782
783
784
785
786
787
788
789
790
791
792
793
794
795
796
797
798
799
)


// ************************************************************************* //
