/*--------------------------------*- C++ -*----------------------------------*\
| =========                 |                                                 |
| \\      /  F ield         | OpenFOAM: The Open Source CFD Toolbox           |
|  \\    /   O peration     | Version:  2.2.0                                 |
|   \\  /    A nd           | Web:      www.OpenFOAM.org                      |
|    \\/     M anipulation  |                                                 |
\*---------------------------------------------------------------------------*/
FoamFile
{
    version     2.0;
    format      ascii;
    class       vectorField;
    location    "constant/polyMesh";
    object      points;
}
// * * * * * * * * * * * * * * * * * * * * * * * * * * * * * * * * * * * * * //


2222
(
(0 0 0)
(0.01 0 0)
(0.02 0 0)
(0.03 0 0)
(0.04 0 0)
(0.05 0 0)
(0.06 0 0)
(0.07 0 0)
(0.08 0 0)
(0.09 0 0)
(0.1 0 0)
(0.11 0 0)
(0.12 0 0)
(0.13 0 0)
(0.14 0 0)
(0.15 0 0)
(0.16 0 0)
(0.17 0 0)
(0.18 0 0)
(0.19 0 0)
(0.2 0 0)
(0.21 0 0)
(0.22 0 0)
(0.23 0 0)
(0.24 0 0)
(0.25 0 0)
(0.26 0 0)
(0.27 0 0)
(0.28 0 0)
(0.29 0 0)
(0.3 0 0)
(0.31 0 0)
(0.32 0 0)
(0.33 0 0)
(0.34 0 0)
(0.35 0 0)
(0.36 0 0)
(0.37 0 0)
(0.38 0 0)
(0.39 0 0)
(0.4 0 0)
(0.41 0 0)
(0.42 0 0)
(0.43 0 0)
(0.44 0 0)
(0.45 0 0)
(0.46 0 0)
(0.47 0 0)
(0.48 0 0)
(0.49 0 0)
(0.5 0 0)
(0.51 0 0)
(0.52 0 0)
(0.53 0 0)
(0.54 0 0)
(0.55 0 0)
(0.56 0 0)
(0.57 0 0)
(0.58 0 0)
(0.59 0 0)
(0.6 0 0)
(0.61 0 0)
(0.62 0 0)
(0.63 0 0)
(0.64 0 0)
(0.65 0 0)
(0.66 0 0)
(0.67 0 0)
(0.68 0 0)
(0.69 0 0)
(0.7 0 0)
(0.71 0 0)
(0.72 0 0)
(0.73 0 0)
(0.74 0 0)
(0.75 0 0)
(0.76 0 0)
(0.77 0 0)
(0.78 0 0)
(0.79 0 0)
(0.8 0 0)
(0.81 0 0)
(0.82 0 0)
(0.83 0 0)
(0.84 0 0)
(0.85 0 0)
(0.86 0 0)
(0.87 0 0)
(0.88 0 0)
(0.89 0 0)
(0.9 0 0)
(0.91 0 0)
(0.92 0 0)
(0.93 0 0)
(0.94 0 0)
(0.95 0 0)
(0.96 0 0)
(0.97 0 0)
(0.98 0 0)
(0.99 0 0)
(1 0 0)
(0 0.01 0)
(0.01 0.01 0)
(0.02 0.01 0)
(0.03 0.01 0)
(0.04 0.01 0)
(0.05 0.01 0)
(0.06 0.01 0)
(0.07 0.01 0)
(0.08 0.01 0)
(0.09 0.01 0)
(0.1 0.01 0)
(0.11 0.01 0)
(0.12 0.01 0)
(0.13 0.01 0)
(0.14 0.01 0)
(0.15 0.01 0)
(0.16 0.01 0)
(0.17 0.01 0)
(0.18 0.01 0)
(0.19 0.01 0)
(0.2 0.01 0)
(0.21 0.01 0)
(0.22 0.01 0)
(0.23 0.01 0)
(0.24 0.01 0)
(0.25 0.01 0)
(0.26 0.01 0)
(0.27 0.01 0)
(0.28 0.01 0)
(0.29 0.01 0)
(0.3 0.01 0)
(0.31 0.01 0)
(0.32 0.01 0)
(0.33 0.01 0)
(0.34 0.01 0)
(0.35 0.01 0)
(0.36 0.01 0)
(0.37 0.01 0)
(0.38 0.01 0)
(0.39 0.01 0)
(0.4 0.01 0)
(0.41 0.01 0)
(0.42 0.01 0)
(0.43 0.01 0)
(0.44 0.01 0)
(0.45 0.01 0)
(0.46 0.01 0)
(0.47 0.01 0)
(0.48 0.01 0)
(0.49 0.01 0)
(0.5 0.01 0)
(0.51 0.01 0)
(0.52 0.01 0)
(0.53 0.01 0)
(0.54 0.01 0)
(0.55 0.01 0)
(0.56 0.01 0)
(0.57 0.01 0)
(0.58 0.01 0)
(0.59 0.01 0)
(0.6 0.01 0)
(0.61 0.01 0)
(0.62 0.01 0)
(0.63 0.01 0)
(0.64 0.01 0)
(0.65 0.01 0)
(0.66 0.01 0)
(0.67 0.01 0)
(0.68 0.01 0)
(0.69 0.01 0)
(0.7 0.01 0)
(0.71 0.01 0)
(0.72 0.01 0)
(0.73 0.01 0)
(0.74 0.01 0)
(0.75 0.01 0)
(0.76 0.01 0)
(0.77 0.01 0)
(0.78 0.01 0)
(0.79 0.01 0)
(0.8 0.01 0)
(0.81 0.01 0)
(0.82 0.01 0)
(0.83 0.01 0)
(0.84 0.01 0)
(0.85 0.01 0)
(0.86 0.01 0)
(0.87 0.01 0)
(0.88 0.01 0)
(0.89 0.01 0)
(0.9 0.01 0)
(0.91 0.01 0)
(0.92 0.01 0)
(0.93 0.01 0)
(0.94 0.01 0)
(0.95 0.01 0)
(0.96 0.01 0)
(0.97 0.01 0)
(0.98 0.01 0)
(0.99 0.01 0)
(1 0.01 0)
(0 0.02 0)
(0.01 0.02 0)
(0.02 0.02 0)
(0.03 0.02 0)
(0.04 0.02 0)
(0.05 0.02 0)
(0.06 0.02 0)
(0.07 0.02 0)
(0.08 0.02 0)
(0.09 0.02 0)
(0.1 0.02 0)
(0.11 0.02 0)
(0.12 0.02 0)
(0.13 0.02 0)
(0.14 0.02 0)
(0.15 0.02 0)
(0.16 0.02 0)
(0.17 0.02 0)
(0.18 0.02 0)
(0.19 0.02 0)
(0.2 0.02 0)
(0.21 0.02 0)
(0.22 0.02 0)
(0.23 0.02 0)
(0.24 0.02 0)
(0.25 0.02 0)
(0.26 0.02 0)
(0.27 0.02 0)
(0.28 0.02 0)
(0.29 0.02 0)
(0.3 0.02 0)
(0.31 0.02 0)
(0.32 0.02 0)
(0.33 0.02 0)
(0.34 0.02 0)
(0.35 0.02 0)
(0.36 0.02 0)
(0.37 0.02 0)
(0.38 0.02 0)
(0.39 0.02 0)
(0.4 0.02 0)
(0.41 0.02 0)
(0.42 0.02 0)
(0.43 0.02 0)
(0.44 0.02 0)
(0.45 0.02 0)
(0.46 0.02 0)
(0.47 0.02 0)
(0.48 0.02 0)
(0.49 0.02 0)
(0.5 0.02 0)
(0.51 0.02 0)
(0.52 0.02 0)
(0.53 0.02 0)
(0.54 0.02 0)
(0.55 0.02 0)
(0.56 0.02 0)
(0.57 0.02 0)
(0.58 0.02 0)
(0.59 0.02 0)
(0.6 0.02 0)
(0.61 0.02 0)
(0.62 0.02 0)
(0.63 0.02 0)
(0.64 0.02 0)
(0.65 0.02 0)
(0.66 0.02 0)
(0.67 0.02 0)
(0.68 0.02 0)
(0.69 0.02 0)
(0.7 0.02 0)
(0.71 0.02 0)
(0.72 0.02 0)
(0.73 0.02 0)
(0.74 0.02 0)
(0.75 0.02 0)
(0.76 0.02 0)
(0.77 0.02 0)
(0.78 0.02 0)
(0.79 0.02 0)
(0.8 0.02 0)
(0.81 0.02 0)
(0.82 0.02 0)
(0.83 0.02 0)
(0.84 0.02 0)
(0.85 0.02 0)
(0.86 0.02 0)
(0.87 0.02 0)
(0.88 0.02 0)
(0.89 0.02 0)
(0.9 0.02 0)
(0.91 0.02 0)
(0.92 0.02 0)
(0.93 0.02 0)
(0.94 0.02 0)
(0.95 0.02 0)
(0.96 0.02 0)
(0.97 0.02 0)
(0.98 0.02 0)
(0.99 0.02 0)
(1 0.02 0)
(0 0.03 0)
(0.01 0.03 0)
(0.02 0.03 0)
(0.03 0.03 0)
(0.04 0.03 0)
(0.05 0.03 0)
(0.06 0.03 0)
(0.07 0.03 0)
(0.08 0.03 0)
(0.09 0.03 0)
(0.1 0.03 0)
(0.11 0.03 0)
(0.12 0.03 0)
(0.13 0.03 0)
(0.14 0.03 0)
(0.15 0.03 0)
(0.16 0.03 0)
(0.17 0.03 0)
(0.18 0.03 0)
(0.19 0.03 0)
(0.2 0.03 0)
(0.21 0.03 0)
(0.22 0.03 0)
(0.23 0.03 0)
(0.24 0.03 0)
(0.25 0.03 0)
(0.26 0.03 0)
(0.27 0.03 0)
(0.28 0.03 0)
(0.29 0.03 0)
(0.3 0.03 0)
(0.31 0.03 0)
(0.32 0.03 0)
(0.33 0.03 0)
(0.34 0.03 0)
(0.35 0.03 0)
(0.36 0.03 0)
(0.37 0.03 0)
(0.38 0.03 0)
(0.39 0.03 0)
(0.4 0.03 0)
(0.41 0.03 0)
(0.42 0.03 0)
(0.43 0.03 0)
(0.44 0.03 0)
(0.45 0.03 0)
(0.46 0.03 0)
(0.47 0.03 0)
(0.48 0.03 0)
(0.49 0.03 0)
(0.5 0.03 0)
(0.51 0.03 0)
(0.52 0.03 0)
(0.53 0.03 0)
(0.54 0.03 0)
(0.55 0.03 0)
(0.56 0.03 0)
(0.57 0.03 0)
(0.58 0.03 0)
(0.59 0.03 0)
(0.6 0.03 0)
(0.61 0.03 0)
(0.62 0.03 0)
(0.63 0.03 0)
(0.64 0.03 0)
(0.65 0.03 0)
(0.66 0.03 0)
(0.67 0.03 0)
(0.68 0.03 0)
(0.69 0.03 0)
(0.7 0.03 0)
(0.71 0.03 0)
(0.72 0.03 0)
(0.73 0.03 0)
(0.74 0.03 0)
(0.75 0.03 0)
(0.76 0.03 0)
(0.77 0.03 0)
(0.78 0.03 0)
(0.79 0.03 0)
(0.8 0.03 0)
(0.81 0.03 0)
(0.82 0.03 0)
(0.83 0.03 0)
(0.84 0.03 0)
(0.85 0.03 0)
(0.86 0.03 0)
(0.87 0.03 0)
(0.88 0.03 0)
(0.89 0.03 0)
(0.9 0.03 0)
(0.91 0.03 0)
(0.92 0.03 0)
(0.93 0.03 0)
(0.94 0.03 0)
(0.95 0.03 0)
(0.96 0.03 0)
(0.97 0.03 0)
(0.98 0.03 0)
(0.99 0.03 0)
(1 0.03 0)
(0 0.04 0)
(0.01 0.04 0)
(0.02 0.04 0)
(0.03 0.04 0)
(0.04 0.04 0)
(0.05 0.04 0)
(0.06 0.04 0)
(0.07 0.04 0)
(0.08 0.04 0)
(0.09 0.04 0)
(0.1 0.04 0)
(0.11 0.04 0)
(0.12 0.04 0)
(0.13 0.04 0)
(0.14 0.04 0)
(0.15 0.04 0)
(0.16 0.04 0)
(0.17 0.04 0)
(0.18 0.04 0)
(0.19 0.04 0)
(0.2 0.04 0)
(0.21 0.04 0)
(0.22 0.04 0)
(0.23 0.04 0)
(0.24 0.04 0)
(0.25 0.04 0)
(0.26 0.04 0)
(0.27 0.04 0)
(0.28 0.04 0)
(0.29 0.04 0)
(0.3 0.04 0)
(0.31 0.04 0)
(0.32 0.04 0)
(0.33 0.04 0)
(0.34 0.04 0)
(0.35 0.04 0)
(0.36 0.04 0)
(0.37 0.04 0)
(0.38 0.04 0)
(0.39 0.04 0)
(0.4 0.04 0)
(0.41 0.04 0)
(0.42 0.04 0)
(0.43 0.04 0)
(0.44 0.04 0)
(0.45 0.04 0)
(0.46 0.04 0)
(0.47 0.04 0)
(0.48 0.04 0)
(0.49 0.04 0)
(0.5 0.04 0)
(0.51 0.04 0)
(0.52 0.04 0)
(0.53 0.04 0)
(0.54 0.04 0)
(0.55 0.04 0)
(0.56 0.04 0)
(0.57 0.04 0)
(0.58 0.04 0)
(0.59 0.04 0)
(0.6 0.04 0)
(0.61 0.04 0)
(0.62 0.04 0)
(0.63 0.04 0)
(0.64 0.04 0)
(0.65 0.04 0)
(0.66 0.04 0)
(0.67 0.04 0)
(0.68 0.04 0)
(0.69 0.04 0)
(0.7 0.04 0)
(0.71 0.04 0)
(0.72 0.04 0)
(0.73 0.04 0)
(0.74 0.04 0)
(0.75 0.04 0)
(0.76 0.04 0)
(0.77 0.04 0)
(0.78 0.04 0)
(0.79 0.04 0)
(0.8 0.04 0)
(0.81 0.04 0)
(0.82 0.04 0)
(0.83 0.04 0)
(0.84 0.04 0)
(0.85 0.04 0)
(0.86 0.04 0)
(0.87 0.04 0)
(0.88 0.04 0)
(0.89 0.04 0)
(0.9 0.04 0)
(0.91 0.04 0)
(0.92 0.04 0)
(0.93 0.04 0)
(0.94 0.04 0)
(0.95 0.04 0)
(0.96 0.04 0)
(0.97 0.04 0)
(0.98 0.04 0)
(0.99 0.04 0)
(1 0.04 0)
(0 0.05 0)
(0.01 0.05 0)
(0.02 0.05 0)
(0.03 0.05 0)
(0.04 0.05 0)
(0.05 0.05 0)
(0.06 0.05 0)
(0.07 0.05 0)
(0.08 0.05 0)
(0.09 0.05 0)
(0.1 0.05 0)
(0.11 0.05 0)
(0.12 0.05 0)
(0.13 0.05 0)
(0.14 0.05 0)
(0.15 0.05 0)
(0.16 0.05 0)
(0.17 0.05 0)
(0.18 0.05 0)
(0.19 0.05 0)
(0.2 0.05 0)
(0.21 0.05 0)
(0.22 0.05 0)
(0.23 0.05 0)
(0.24 0.05 0)
(0.25 0.05 0)
(0.26 0.05 0)
(0.27 0.05 0)
(0.28 0.05 0)
(0.29 0.05 0)
(0.3 0.05 0)
(0.31 0.05 0)
(0.32 0.05 0)
(0.33 0.05 0)
(0.34 0.05 0)
(0.35 0.05 0)
(0.36 0.05 0)
(0.37 0.05 0)
(0.38 0.05 0)
(0.39 0.05 0)
(0.4 0.05 0)
(0.41 0.05 0)
(0.42 0.05 0)
(0.43 0.05 0)
(0.44 0.05 0)
(0.45 0.05 0)
(0.46 0.05 0)
(0.47 0.05 0)
(0.48 0.05 0)
(0.49 0.05 0)
(0.5 0.05 0)
(0.51 0.05 0)
(0.52 0.05 0)
(0.53 0.05 0)
(0.54 0.05 0)
(0.55 0.05 0)
(0.56 0.05 0)
(0.57 0.05 0)
(0.58 0.05 0)
(0.59 0.05 0)
(0.6 0.05 0)
(0.61 0.05 0)
(0.62 0.05 0)
(0.63 0.05 0)
(0.64 0.05 0)
(0.65 0.05 0)
(0.66 0.05 0)
(0.67 0.05 0)
(0.68 0.05 0)
(0.69 0.05 0)
(0.7 0.05 0)
(0.71 0.05 0)
(0.72 0.05 0)
(0.73 0.05 0)
(0.74 0.05 0)
(0.75 0.05 0)
(0.76 0.05 0)
(0.77 0.05 0)
(0.78 0.05 0)
(0.79 0.05 0)
(0.8 0.05 0)
(0.81 0.05 0)
(0.82 0.05 0)
(0.83 0.05 0)
(0.84 0.05 0)
(0.85 0.05 0)
(0.86 0.05 0)
(0.87 0.05 0)
(0.88 0.05 0)
(0.89 0.05 0)
(0.9 0.05 0)
(0.91 0.05 0)
(0.92 0.05 0)
(0.93 0.05 0)
(0.94 0.05 0)
(0.95 0.05 0)
(0.96 0.05 0)
(0.97 0.05 0)
(0.98 0.05 0)
(0.99 0.05 0)
(1 0.05 0)
(0 0.06 0)
(0.01 0.06 0)
(0.02 0.06 0)
(0.03 0.06 0)
(0.04 0.06 0)
(0.05 0.06 0)
(0.06 0.06 0)
(0.07 0.06 0)
(0.08 0.06 0)
(0.09 0.06 0)
(0.1 0.06 0)
(0.11 0.06 0)
(0.12 0.06 0)
(0.13 0.06 0)
(0.14 0.06 0)
(0.15 0.06 0)
(0.16 0.06 0)
(0.17 0.06 0)
(0.18 0.06 0)
(0.19 0.06 0)
(0.2 0.06 0)
(0.21 0.06 0)
(0.22 0.06 0)
(0.23 0.06 0)
(0.24 0.06 0)
(0.25 0.06 0)
(0.26 0.06 0)
(0.27 0.06 0)
(0.28 0.06 0)
(0.29 0.06 0)
(0.3 0.06 0)
(0.31 0.06 0)
(0.32 0.06 0)
(0.33 0.06 0)
(0.34 0.06 0)
(0.35 0.06 0)
(0.36 0.06 0)
(0.37 0.06 0)
(0.38 0.06 0)
(0.39 0.06 0)
(0.4 0.06 0)
(0.41 0.06 0)
(0.42 0.06 0)
(0.43 0.06 0)
(0.44 0.06 0)
(0.45 0.06 0)
(0.46 0.06 0)
(0.47 0.06 0)
(0.48 0.06 0)
(0.49 0.06 0)
(0.5 0.06 0)
(0.51 0.06 0)
(0.52 0.06 0)
(0.53 0.06 0)
(0.54 0.06 0)
(0.55 0.06 0)
(0.56 0.06 0)
(0.57 0.06 0)
(0.58 0.06 0)
(0.59 0.06 0)
(0.6 0.06 0)
(0.61 0.06 0)
(0.62 0.06 0)
(0.63 0.06 0)
(0.64 0.06 0)
(0.65 0.06 0)
(0.66 0.06 0)
(0.67 0.06 0)
(0.68 0.06 0)
(0.69 0.06 0)
(0.7 0.06 0)
(0.71 0.06 0)
(0.72 0.06 0)
(0.73 0.06 0)
(0.74 0.06 0)
(0.75 0.06 0)
(0.76 0.06 0)
(0.77 0.06 0)
(0.78 0.06 0)
(0.79 0.06 0)
(0.8 0.06 0)
(0.81 0.06 0)
(0.82 0.06 0)
(0.83 0.06 0)
(0.84 0.06 0)
(0.85 0.06 0)
(0.86 0.06 0)
(0.87 0.06 0)
(0.88 0.06 0)
(0.89 0.06 0)
(0.9 0.06 0)
(0.91 0.06 0)
(0.92 0.06 0)
(0.93 0.06 0)
(0.94 0.06 0)
(0.95 0.06 0)
(0.96 0.06 0)
(0.97 0.06 0)
(0.98 0.06 0)
(0.99 0.06 0)
(1 0.06 0)
(0 0.07 0)
(0.01 0.07 0)
(0.02 0.07 0)
(0.03 0.07 0)
(0.04 0.07 0)
(0.05 0.07 0)
(0.06 0.07 0)
(0.07 0.07 0)
(0.08 0.07 0)
(0.09 0.07 0)
(0.1 0.07 0)
(0.11 0.07 0)
(0.12 0.07 0)
(0.13 0.07 0)
(0.14 0.07 0)
(0.15 0.07 0)
(0.16 0.07 0)
(0.17 0.07 0)
(0.18 0.07 0)
(0.19 0.07 0)
(0.2 0.07 0)
(0.21 0.07 0)
(0.22 0.07 0)
(0.23 0.07 0)
(0.24 0.07 0)
(0.25 0.07 0)
(0.26 0.07 0)
(0.27 0.07 0)
(0.28 0.07 0)
(0.29 0.07 0)
(0.3 0.07 0)
(0.31 0.07 0)
(0.32 0.07 0)
(0.33 0.07 0)
(0.34 0.07 0)
(0.35 0.07 0)
(0.36 0.07 0)
(0.37 0.07 0)
(0.38 0.07 0)
(0.39 0.07 0)
(0.4 0.07 0)
(0.41 0.07 0)
(0.42 0.07 0)
(0.43 0.07 0)
(0.44 0.07 0)
(0.45 0.07 0)
(0.46 0.07 0)
(0.47 0.07 0)
(0.48 0.07 0)
(0.49 0.07 0)
(0.5 0.07 0)
(0.51 0.07 0)
(0.52 0.07 0)
(0.53 0.07 0)
(0.54 0.07 0)
(0.55 0.07 0)
(0.56 0.07 0)
(0.57 0.07 0)
(0.58 0.07 0)
(0.59 0.07 0)
(0.6 0.07 0)
(0.61 0.07 0)
(0.62 0.07 0)
(0.63 0.07 0)
(0.64 0.07 0)
(0.65 0.07 0)
(0.66 0.07 0)
(0.67 0.07 0)
(0.68 0.07 0)
(0.69 0.07 0)
(0.7 0.07 0)
(0.71 0.07 0)
(0.72 0.07 0)
(0.73 0.07 0)
(0.74 0.07 0)
(0.75 0.07 0)
(0.76 0.07 0)
(0.77 0.07 0)
(0.78 0.07 0)
(0.79 0.07 0)
(0.8 0.07 0)
(0.81 0.07 0)
(0.82 0.07 0)
(0.83 0.07 0)
(0.84 0.07 0)
(0.85 0.07 0)
(0.86 0.07 0)
(0.87 0.07 0)
(0.88 0.07 0)
(0.89 0.07 0)
(0.9 0.07 0)
(0.91 0.07 0)
(0.92 0.07 0)
(0.93 0.07 0)
(0.94 0.07 0)
(0.95 0.07 0)
(0.96 0.07 0)
(0.97 0.07 0)
(0.98 0.07 0)
(0.99 0.07 0)
(1 0.07 0)
(0 0.08 0)
(0.01 0.08 0)
(0.02 0.08 0)
(0.03 0.08 0)
(0.04 0.08 0)
(0.05 0.08 0)
(0.06 0.08 0)
(0.07 0.08 0)
(0.08 0.08 0)
(0.09 0.08 0)
(0.1 0.08 0)
(0.11 0.08 0)
(0.12 0.08 0)
(0.13 0.08 0)
(0.14 0.08 0)
(0.15 0.08 0)
(0.16 0.08 0)
(0.17 0.08 0)
(0.18 0.08 0)
(0.19 0.08 0)
(0.2 0.08 0)
(0.21 0.08 0)
(0.22 0.08 0)
(0.23 0.08 0)
(0.24 0.08 0)
(0.25 0.08 0)
(0.26 0.08 0)
(0.27 0.08 0)
(0.28 0.08 0)
(0.29 0.08 0)
(0.3 0.08 0)
(0.31 0.08 0)
(0.32 0.08 0)
(0.33 0.08 0)
(0.34 0.08 0)
(0.35 0.08 0)
(0.36 0.08 0)
(0.37 0.08 0)
(0.38 0.08 0)
(0.39 0.08 0)
(0.4 0.08 0)
(0.41 0.08 0)
(0.42 0.08 0)
(0.43 0.08 0)
(0.44 0.08 0)
(0.45 0.08 0)
(0.46 0.08 0)
(0.47 0.08 0)
(0.48 0.08 0)
(0.49 0.08 0)
(0.5 0.08 0)
(0.51 0.08 0)
(0.52 0.08 0)
(0.53 0.08 0)
(0.54 0.08 0)
(0.55 0.08 0)
(0.56 0.08 0)
(0.57 0.08 0)
(0.58 0.08 0)
(0.59 0.08 0)
(0.6 0.08 0)
(0.61 0.08 0)
(0.62 0.08 0)
(0.63 0.08 0)
(0.64 0.08 0)
(0.65 0.08 0)
(0.66 0.08 0)
(0.67 0.08 0)
(0.68 0.08 0)
(0.69 0.08 0)
(0.7 0.08 0)
(0.71 0.08 0)
(0.72 0.08 0)
(0.73 0.08 0)
(0.74 0.08 0)
(0.75 0.08 0)
(0.76 0.08 0)
(0.77 0.08 0)
(0.78 0.08 0)
(0.79 0.08 0)
(0.8 0.08 0)
(0.81 0.08 0)
(0.82 0.08 0)
(0.83 0.08 0)
(0.84 0.08 0)
(0.85 0.08 0)
(0.86 0.08 0)
(0.87 0.08 0)
(0.88 0.08 0)
(0.89 0.08 0)
(0.9 0.08 0)
(0.91 0.08 0)
(0.92 0.08 0)
(0.93 0.08 0)
(0.94 0.08 0)
(0.95 0.08 0)
(0.96 0.08 0)
(0.97 0.08 0)
(0.98 0.08 0)
(0.99 0.08 0)
(1 0.08 0)
(0 0.09 0)
(0.01 0.09 0)
(0.02 0.09 0)
(0.03 0.09 0)
(0.04 0.09 0)
(0.05 0.09 0)
(0.06 0.09 0)
(0.07 0.09 0)
(0.08 0.09 0)
(0.09 0.09 0)
(0.1 0.09 0)
(0.11 0.09 0)
(0.12 0.09 0)
(0.13 0.09 0)
(0.14 0.09 0)
(0.15 0.09 0)
(0.16 0.09 0)
(0.17 0.09 0)
(0.18 0.09 0)
(0.19 0.09 0)
(0.2 0.09 0)
(0.21 0.09 0)
(0.22 0.09 0)
(0.23 0.09 0)
(0.24 0.09 0)
(0.25 0.09 0)
(0.26 0.09 0)
(0.27 0.09 0)
(0.28 0.09 0)
(0.29 0.09 0)
(0.3 0.09 0)
(0.31 0.09 0)
(0.32 0.09 0)
(0.33 0.09 0)
(0.34 0.09 0)
(0.35 0.09 0)
(0.36 0.09 0)
(0.37 0.09 0)
(0.38 0.09 0)
(0.39 0.09 0)
(0.4 0.09 0)
(0.41 0.09 0)
(0.42 0.09 0)
(0.43 0.09 0)
(0.44 0.09 0)
(0.45 0.09 0)
(0.46 0.09 0)
(0.47 0.09 0)
(0.48 0.09 0)
(0.49 0.09 0)
(0.5 0.09 0)
(0.51 0.09 0)
(0.52 0.09 0)
(0.53 0.09 0)
(0.54 0.09 0)
(0.55 0.09 0)
(0.56 0.09 0)
(0.57 0.09 0)
(0.58 0.09 0)
(0.59 0.09 0)
(0.6 0.09 0)
(0.61 0.09 0)
(0.62 0.09 0)
(0.63 0.09 0)
(0.64 0.09 0)
(0.65 0.09 0)
(0.66 0.09 0)
(0.67 0.09 0)
(0.68 0.09 0)
(0.69 0.09 0)
(0.7 0.09 0)
(0.71 0.09 0)
(0.72 0.09 0)
(0.73 0.09 0)
(0.74 0.09 0)
(0.75 0.09 0)
(0.76 0.09 0)
(0.77 0.09 0)
(0.78 0.09 0)
(0.79 0.09 0)
(0.8 0.09 0)
(0.81 0.09 0)
(0.82 0.09 0)
(0.83 0.09 0)
(0.84 0.09 0)
(0.85 0.09 0)
(0.86 0.09 0)
(0.87 0.09 0)
(0.88 0.09 0)
(0.89 0.09 0)
(0.9 0.09 0)
(0.91 0.09 0)
(0.92 0.09 0)
(0.93 0.09 0)
(0.94 0.09 0)
(0.95 0.09 0)
(0.96 0.09 0)
(0.97 0.09 0)
(0.98 0.09 0)
(0.99 0.09 0)
(1 0.09 0)
(0 0.1 0)
(0.01 0.1 0)
(0.02 0.1 0)
(0.03 0.1 0)
(0.04 0.1 0)
(0.05 0.1 0)
(0.06 0.1 0)
(0.07 0.1 0)
(0.08 0.1 0)
(0.09 0.1 0)
(0.1 0.1 0)
(0.11 0.1 0)
(0.12 0.1 0)
(0.13 0.1 0)
(0.14 0.1 0)
(0.15 0.1 0)
(0.16 0.1 0)
(0.17 0.1 0)
(0.18 0.1 0)
(0.19 0.1 0)
(0.2 0.1 0)
(0.21 0.1 0)
(0.22 0.1 0)
(0.23 0.1 0)
(0.24 0.1 0)
(0.25 0.1 0)
(0.26 0.1 0)
(0.27 0.1 0)
(0.28 0.1 0)
(0.29 0.1 0)
(0.3 0.1 0)
(0.31 0.1 0)
(0.32 0.1 0)
(0.33 0.1 0)
(0.34 0.1 0)
(0.35 0.1 0)
(0.36 0.1 0)
(0.37 0.1 0)
(0.38 0.1 0)
(0.39 0.1 0)
(0.4 0.1 0)
(0.41 0.1 0)
(0.42 0.1 0)
(0.43 0.1 0)
(0.44 0.1 0)
(0.45 0.1 0)
(0.46 0.1 0)
(0.47 0.1 0)
(0.48 0.1 0)
(0.49 0.1 0)
(0.5 0.1 0)
(0.51 0.1 0)
(0.52 0.1 0)
(0.53 0.1 0)
(0.54 0.1 0)
(0.55 0.1 0)
(0.56 0.1 0)
(0.57 0.1 0)
(0.58 0.1 0)
(0.59 0.1 0)
(0.6 0.1 0)
(0.61 0.1 0)
(0.62 0.1 0)
(0.63 0.1 0)
(0.64 0.1 0)
(0.65 0.1 0)
(0.66 0.1 0)
(0.67 0.1 0)
(0.68 0.1 0)
(0.69 0.1 0)
(0.7 0.1 0)
(0.71 0.1 0)
(0.72 0.1 0)
(0.73 0.1 0)
(0.74 0.1 0)
(0.75 0.1 0)
(0.76 0.1 0)
(0.77 0.1 0)
(0.78 0.1 0)
(0.79 0.1 0)
(0.8 0.1 0)
(0.81 0.1 0)
(0.82 0.1 0)
(0.83 0.1 0)
(0.84 0.1 0)
(0.85 0.1 0)
(0.86 0.1 0)
(0.87 0.1 0)
(0.88 0.1 0)
(0.89 0.1 0)
(0.9 0.1 0)
(0.91 0.1 0)
(0.92 0.1 0)
(0.93 0.1 0)
(0.94 0.1 0)
(0.95 0.1 0)
(0.96 0.1 0)
(0.97 0.1 0)
(0.98 0.1 0)
(0.99 0.1 0)
(1 0.1 0)
(0 0 0.01)
(0.01 0 0.01)
(0.02 0 0.01)
(0.03 0 0.01)
(0.04 0 0.01)
(0.05 0 0.01)
(0.06 0 0.01)
(0.07 0 0.01)
(0.08 0 0.01)
(0.09 0 0.01)
(0.1 0 0.01)
(0.11 0 0.01)
(0.12 0 0.01)
(0.13 0 0.01)
(0.14 0 0.01)
(0.15 0 0.01)
(0.16 0 0.01)
(0.17 0 0.01)
(0.18 0 0.01)
(0.19 0 0.01)
(0.2 0 0.01)
(0.21 0 0.01)
(0.22 0 0.01)
(0.23 0 0.01)
(0.24 0 0.01)
(0.25 0 0.01)
(0.26 0 0.01)
(0.27 0 0.01)
(0.28 0 0.01)
(0.29 0 0.01)
(0.3 0 0.01)
(0.31 0 0.01)
(0.32 0 0.01)
(0.33 0 0.01)
(0.34 0 0.01)
(0.35 0 0.01)
(0.36 0 0.01)
(0.37 0 0.01)
(0.38 0 0.01)
(0.39 0 0.01)
(0.4 0 0.01)
(0.41 0 0.01)
(0.42 0 0.01)
(0.43 0 0.01)
(0.44 0 0.01)
(0.45 0 0.01)
(0.46 0 0.01)
(0.47 0 0.01)
(0.48 0 0.01)
(0.49 0 0.01)
(0.5 0 0.01)
(0.51 0 0.01)
(0.52 0 0.01)
(0.53 0 0.01)
(0.54 0 0.01)
(0.55 0 0.01)
(0.56 0 0.01)
(0.57 0 0.01)
(0.58 0 0.01)
(0.59 0 0.01)
(0.6 0 0.01)
(0.61 0 0.01)
(0.62 0 0.01)
(0.63 0 0.01)
(0.64 0 0.01)
(0.65 0 0.01)
(0.66 0 0.01)
(0.67 0 0.01)
(0.68 0 0.01)
(0.69 0 0.01)
(0.7 0 0.01)
(0.71 0 0.01)
(0.72 0 0.01)
(0.73 0 0.01)
(0.74 0 0.01)
(0.75 0 0.01)
(0.76 0 0.01)
(0.77 0 0.01)
(0.78 0 0.01)
(0.79 0 0.01)
(0.8 0 0.01)
(0.81 0 0.01)
(0.82 0 0.01)
(0.83 0 0.01)
(0.84 0 0.01)
(0.85 0 0.01)
(0.86 0 0.01)
(0.87 0 0.01)
(0.88 0 0.01)
(0.89 0 0.01)
(0.9 0 0.01)
(0.91 0 0.01)
(0.92 0 0.01)
(0.93 0 0.01)
(0.94 0 0.01)
(0.95 0 0.01)
(0.96 0 0.01)
(0.97 0 0.01)
(0.98 0 0.01)
(0.99 0 0.01)
(1 0 0.01)
(0 0.01 0.01)
(0.01 0.01 0.01)
(0.02 0.01 0.01)
(0.03 0.01 0.01)
(0.04 0.01 0.01)
(0.05 0.01 0.01)
(0.06 0.01 0.01)
(0.07 0.01 0.01)
(0.08 0.01 0.01)
(0.09 0.01 0.01)
(0.1 0.01 0.01)
(0.11 0.01 0.01)
(0.12 0.01 0.01)
(0.13 0.01 0.01)
(0.14 0.01 0.01)
(0.15 0.01 0.01)
(0.16 0.01 0.01)
(0.17 0.01 0.01)
(0.18 0.01 0.01)
(0.19 0.01 0.01)
(0.2 0.01 0.01)
(0.21 0.01 0.01)
(0.22 0.01 0.01)
(0.23 0.01 0.01)
(0.24 0.01 0.01)
(0.25 0.01 0.01)
(0.26 0.01 0.01)
(0.27 0.01 0.01)
(0.28 0.01 0.01)
(0.29 0.01 0.01)
(0.3 0.01 0.01)
(0.31 0.01 0.01)
(0.32 0.01 0.01)
(0.33 0.01 0.01)
(0.34 0.01 0.01)
(0.35 0.01 0.01)
(0.36 0.01 0.01)
(0.37 0.01 0.01)
(0.38 0.01 0.01)
(0.39 0.01 0.01)
(0.4 0.01 0.01)
(0.41 0.01 0.01)
(0.42 0.01 0.01)
(0.43 0.01 0.01)
(0.44 0.01 0.01)
(0.45 0.01 0.01)
(0.46 0.01 0.01)
(0.47 0.01 0.01)
(0.48 0.01 0.01)
(0.49 0.01 0.01)
(0.5 0.01 0.01)
(0.51 0.01 0.01)
(0.52 0.01 0.01)
(0.53 0.01 0.01)
(0.54 0.01 0.01)
(0.55 0.01 0.01)
(0.56 0.01 0.01)
(0.57 0.01 0.01)
(0.58 0.01 0.01)
(0.59 0.01 0.01)
(0.6 0.01 0.01)
(0.61 0.01 0.01)
(0.62 0.01 0.01)
(0.63 0.01 0.01)
(0.64 0.01 0.01)
(0.65 0.01 0.01)
(0.66 0.01 0.01)
(0.67 0.01 0.01)
(0.68 0.01 0.01)
(0.69 0.01 0.01)
(0.7 0.01 0.01)
(0.71 0.01 0.01)
(0.72 0.01 0.01)
(0.73 0.01 0.01)
(0.74 0.01 0.01)
(0.75 0.01 0.01)
(0.76 0.01 0.01)
(0.77 0.01 0.01)
(0.78 0.01 0.01)
(0.79 0.01 0.01)
(0.8 0.01 0.01)
(0.81 0.01 0.01)
(0.82 0.01 0.01)
(0.83 0.01 0.01)
(0.84 0.01 0.01)
(0.85 0.01 0.01)
(0.86 0.01 0.01)
(0.87 0.01 0.01)
(0.88 0.01 0.01)
(0.89 0.01 0.01)
(0.9 0.01 0.01)
(0.91 0.01 0.01)
(0.92 0.01 0.01)
(0.93 0.01 0.01)
(0.94 0.01 0.01)
(0.95 0.01 0.01)
(0.96 0.01 0.01)
(0.97 0.01 0.01)
(0.98 0.01 0.01)
(0.99 0.01 0.01)
(1 0.01 0.01)
(0 0.02 0.01)
(0.01 0.02 0.01)
(0.02 0.02 0.01)
(0.03 0.02 0.01)
(0.04 0.02 0.01)
(0.05 0.02 0.01)
(0.06 0.02 0.01)
(0.07 0.02 0.01)
(0.08 0.02 0.01)
(0.09 0.02 0.01)
(0.1 0.02 0.01)
(0.11 0.02 0.01)
(0.12 0.02 0.01)
(0.13 0.02 0.01)
(0.14 0.02 0.01)
(0.15 0.02 0.01)
(0.16 0.02 0.01)
(0.17 0.02 0.01)
(0.18 0.02 0.01)
(0.19 0.02 0.01)
(0.2 0.02 0.01)
(0.21 0.02 0.01)
(0.22 0.02 0.01)
(0.23 0.02 0.01)
(0.24 0.02 0.01)
(0.25 0.02 0.01)
(0.26 0.02 0.01)
(0.27 0.02 0.01)
(0.28 0.02 0.01)
(0.29 0.02 0.01)
(0.3 0.02 0.01)
(0.31 0.02 0.01)
(0.32 0.02 0.01)
(0.33 0.02 0.01)
(0.34 0.02 0.01)
(0.35 0.02 0.01)
(0.36 0.02 0.01)
(0.37 0.02 0.01)
(0.38 0.02 0.01)
(0.39 0.02 0.01)
(0.4 0.02 0.01)
(0.41 0.02 0.01)
(0.42 0.02 0.01)
(0.43 0.02 0.01)
(0.44 0.02 0.01)
(0.45 0.02 0.01)
(0.46 0.02 0.01)
(0.47 0.02 0.01)
(0.48 0.02 0.01)
(0.49 0.02 0.01)
(0.5 0.02 0.01)
(0.51 0.02 0.01)
(0.52 0.02 0.01)
(0.53 0.02 0.01)
(0.54 0.02 0.01)
(0.55 0.02 0.01)
(0.56 0.02 0.01)
(0.57 0.02 0.01)
(0.58 0.02 0.01)
(0.59 0.02 0.01)
(0.6 0.02 0.01)
(0.61 0.02 0.01)
(0.62 0.02 0.01)
(0.63 0.02 0.01)
(0.64 0.02 0.01)
(0.65 0.02 0.01)
(0.66 0.02 0.01)
(0.67 0.02 0.01)
(0.68 0.02 0.01)
(0.69 0.02 0.01)
(0.7 0.02 0.01)
(0.71 0.02 0.01)
(0.72 0.02 0.01)
(0.73 0.02 0.01)
(0.74 0.02 0.01)
(0.75 0.02 0.01)
(0.76 0.02 0.01)
(0.77 0.02 0.01)
(0.78 0.02 0.01)
(0.79 0.02 0.01)
(0.8 0.02 0.01)
(0.81 0.02 0.01)
(0.82 0.02 0.01)
(0.83 0.02 0.01)
(0.84 0.02 0.01)
(0.85 0.02 0.01)
(0.86 0.02 0.01)
(0.87 0.02 0.01)
(0.88 0.02 0.01)
(0.89 0.02 0.01)
(0.9 0.02 0.01)
(0.91 0.02 0.01)
(0.92 0.02 0.01)
(0.93 0.02 0.01)
(0.94 0.02 0.01)
(0.95 0.02 0.01)
(0.96 0.02 0.01)
(0.97 0.02 0.01)
(0.98 0.02 0.01)
(0.99 0.02 0.01)
(1 0.02 0.01)
(0 0.03 0.01)
(0.01 0.03 0.01)
(0.02 0.03 0.01)
(0.03 0.03 0.01)
(0.04 0.03 0.01)
(0.05 0.03 0.01)
(0.06 0.03 0.01)
(0.07 0.03 0.01)
(0.08 0.03 0.01)
(0.09 0.03 0.01)
(0.1 0.03 0.01)
(0.11 0.03 0.01)
(0.12 0.03 0.01)
(0.13 0.03 0.01)
(0.14 0.03 0.01)
(0.15 0.03 0.01)
(0.16 0.03 0.01)
(0.17 0.03 0.01)
(0.18 0.03 0.01)
(0.19 0.03 0.01)
(0.2 0.03 0.01)
(0.21 0.03 0.01)
(0.22 0.03 0.01)
(0.23 0.03 0.01)
(0.24 0.03 0.01)
(0.25 0.03 0.01)
(0.26 0.03 0.01)
(0.27 0.03 0.01)
(0.28 0.03 0.01)
(0.29 0.03 0.01)
(0.3 0.03 0.01)
(0.31 0.03 0.01)
(0.32 0.03 0.01)
(0.33 0.03 0.01)
(0.34 0.03 0.01)
(0.35 0.03 0.01)
(0.36 0.03 0.01)
(0.37 0.03 0.01)
(0.38 0.03 0.01)
(0.39 0.03 0.01)
(0.4 0.03 0.01)
(0.41 0.03 0.01)
(0.42 0.03 0.01)
(0.43 0.03 0.01)
(0.44 0.03 0.01)
(0.45 0.03 0.01)
(0.46 0.03 0.01)
(0.47 0.03 0.01)
(0.48 0.03 0.01)
(0.49 0.03 0.01)
(0.5 0.03 0.01)
(0.51 0.03 0.01)
(0.52 0.03 0.01)
(0.53 0.03 0.01)
(0.54 0.03 0.01)
(0.55 0.03 0.01)
(0.56 0.03 0.01)
(0.57 0.03 0.01)
(0.58 0.03 0.01)
(0.59 0.03 0.01)
(0.6 0.03 0.01)
(0.61 0.03 0.01)
(0.62 0.03 0.01)
(0.63 0.03 0.01)
(0.64 0.03 0.01)
(0.65 0.03 0.01)
(0.66 0.03 0.01)
(0.67 0.03 0.01)
(0.68 0.03 0.01)
(0.69 0.03 0.01)
(0.7 0.03 0.01)
(0.71 0.03 0.01)
(0.72 0.03 0.01)
(0.73 0.03 0.01)
(0.74 0.03 0.01)
(0.75 0.03 0.01)
(0.76 0.03 0.01)
(0.77 0.03 0.01)
(0.78 0.03 0.01)
(0.79 0.03 0.01)
(0.8 0.03 0.01)
(0.81 0.03 0.01)
(0.82 0.03 0.01)
(0.83 0.03 0.01)
(0.84 0.03 0.01)
(0.85 0.03 0.01)
(0.86 0.03 0.01)
(0.87 0.03 0.01)
(0.88 0.03 0.01)
(0.89 0.03 0.01)
(0.9 0.03 0.01)
(0.91 0.03 0.01)
(0.92 0.03 0.01)
(0.93 0.03 0.01)
(0.94 0.03 0.01)
(0.95 0.03 0.01)
(0.96 0.03 0.01)
(0.97 0.03 0.01)
(0.98 0.03 0.01)
(0.99 0.03 0.01)
(1 0.03 0.01)
(0 0.04 0.01)
(0.01 0.04 0.01)
(0.02 0.04 0.01)
(0.03 0.04 0.01)
(0.04 0.04 0.01)
(0.05 0.04 0.01)
(0.06 0.04 0.01)
(0.07 0.04 0.01)
(0.08 0.04 0.01)
(0.09 0.04 0.01)
(0.1 0.04 0.01)
(0.11 0.04 0.01)
(0.12 0.04 0.01)
(0.13 0.04 0.01)
(0.14 0.04 0.01)
(0.15 0.04 0.01)
(0.16 0.04 0.01)
(0.17 0.04 0.01)
(0.18 0.04 0.01)
(0.19 0.04 0.01)
(0.2 0.04 0.01)
(0.21 0.04 0.01)
(0.22 0.04 0.01)
(0.23 0.04 0.01)
(0.24 0.04 0.01)
(0.25 0.04 0.01)
(0.26 0.04 0.01)
(0.27 0.04 0.01)
(0.28 0.04 0.01)
(0.29 0.04 0.01)
(0.3 0.04 0.01)
(0.31 0.04 0.01)
(0.32 0.04 0.01)
(0.33 0.04 0.01)
(0.34 0.04 0.01)
(0.35 0.04 0.01)
(0.36 0.04 0.01)
(0.37 0.04 0.01)
(0.38 0.04 0.01)
(0.39 0.04 0.01)
(0.4 0.04 0.01)
(0.41 0.04 0.01)
(0.42 0.04 0.01)
(0.43 0.04 0.01)
(0.44 0.04 0.01)
(0.45 0.04 0.01)
(0.46 0.04 0.01)
(0.47 0.04 0.01)
(0.48 0.04 0.01)
(0.49 0.04 0.01)
(0.5 0.04 0.01)
(0.51 0.04 0.01)
(0.52 0.04 0.01)
(0.53 0.04 0.01)
(0.54 0.04 0.01)
(0.55 0.04 0.01)
(0.56 0.04 0.01)
(0.57 0.04 0.01)
(0.58 0.04 0.01)
(0.59 0.04 0.01)
(0.6 0.04 0.01)
(0.61 0.04 0.01)
(0.62 0.04 0.01)
(0.63 0.04 0.01)
(0.64 0.04 0.01)
(0.65 0.04 0.01)
(0.66 0.04 0.01)
(0.67 0.04 0.01)
(0.68 0.04 0.01)
(0.69 0.04 0.01)
(0.7 0.04 0.01)
(0.71 0.04 0.01)
(0.72 0.04 0.01)
(0.73 0.04 0.01)
(0.74 0.04 0.01)
(0.75 0.04 0.01)
(0.76 0.04 0.01)
(0.77 0.04 0.01)
(0.78 0.04 0.01)
(0.79 0.04 0.01)
(0.8 0.04 0.01)
(0.81 0.04 0.01)
(0.82 0.04 0.01)
(0.83 0.04 0.01)
(0.84 0.04 0.01)
(0.85 0.04 0.01)
(0.86 0.04 0.01)
(0.87 0.04 0.01)
(0.88 0.04 0.01)
(0.89 0.04 0.01)
(0.9 0.04 0.01)
(0.91 0.04 0.01)
(0.92 0.04 0.01)
(0.93 0.04 0.01)
(0.94 0.04 0.01)
(0.95 0.04 0.01)
(0.96 0.04 0.01)
(0.97 0.04 0.01)
(0.98 0.04 0.01)
(0.99 0.04 0.01)
(1 0.04 0.01)
(0 0.05 0.01)
(0.01 0.05 0.01)
(0.02 0.05 0.01)
(0.03 0.05 0.01)
(0.04 0.05 0.01)
(0.05 0.05 0.01)
(0.06 0.05 0.01)
(0.07 0.05 0.01)
(0.08 0.05 0.01)
(0.09 0.05 0.01)
(0.1 0.05 0.01)
(0.11 0.05 0.01)
(0.12 0.05 0.01)
(0.13 0.05 0.01)
(0.14 0.05 0.01)
(0.15 0.05 0.01)
(0.16 0.05 0.01)
(0.17 0.05 0.01)
(0.18 0.05 0.01)
(0.19 0.05 0.01)
(0.2 0.05 0.01)
(0.21 0.05 0.01)
(0.22 0.05 0.01)
(0.23 0.05 0.01)
(0.24 0.05 0.01)
(0.25 0.05 0.01)
(0.26 0.05 0.01)
(0.27 0.05 0.01)
(0.28 0.05 0.01)
(0.29 0.05 0.01)
(0.3 0.05 0.01)
(0.31 0.05 0.01)
(0.32 0.05 0.01)
(0.33 0.05 0.01)
(0.34 0.05 0.01)
(0.35 0.05 0.01)
(0.36 0.05 0.01)
(0.37 0.05 0.01)
(0.38 0.05 0.01)
(0.39 0.05 0.01)
(0.4 0.05 0.01)
(0.41 0.05 0.01)
(0.42 0.05 0.01)
(0.43 0.05 0.01)
(0.44 0.05 0.01)
(0.45 0.05 0.01)
(0.46 0.05 0.01)
(0.47 0.05 0.01)
(0.48 0.05 0.01)
(0.49 0.05 0.01)
(0.5 0.05 0.01)
(0.51 0.05 0.01)
(0.52 0.05 0.01)
(0.53 0.05 0.01)
(0.54 0.05 0.01)
(0.55 0.05 0.01)
(0.56 0.05 0.01)
(0.57 0.05 0.01)
(0.58 0.05 0.01)
(0.59 0.05 0.01)
(0.6 0.05 0.01)
(0.61 0.05 0.01)
(0.62 0.05 0.01)
(0.63 0.05 0.01)
(0.64 0.05 0.01)
(0.65 0.05 0.01)
(0.66 0.05 0.01)
(0.67 0.05 0.01)
(0.68 0.05 0.01)
(0.69 0.05 0.01)
(0.7 0.05 0.01)
(0.71 0.05 0.01)
(0.72 0.05 0.01)
(0.73 0.05 0.01)
(0.74 0.05 0.01)
(0.75 0.05 0.01)
(0.76 0.05 0.01)
(0.77 0.05 0.01)
(0.78 0.05 0.01)
(0.79 0.05 0.01)
(0.8 0.05 0.01)
(0.81 0.05 0.01)
(0.82 0.05 0.01)
(0.83 0.05 0.01)
(0.84 0.05 0.01)
(0.85 0.05 0.01)
(0.86 0.05 0.01)
(0.87 0.05 0.01)
(0.88 0.05 0.01)
(0.89 0.05 0.01)
(0.9 0.05 0.01)
(0.91 0.05 0.01)
(0.92 0.05 0.01)
(0.93 0.05 0.01)
(0.94 0.05 0.01)
(0.95 0.05 0.01)
(0.96 0.05 0.01)
(0.97 0.05 0.01)
(0.98 0.05 0.01)
(0.99 0.05 0.01)
(1 0.05 0.01)
(0 0.06 0.01)
(0.01 0.06 0.01)
(0.02 0.06 0.01)
(0.03 0.06 0.01)
(0.04 0.06 0.01)
(0.05 0.06 0.01)
(0.06 0.06 0.01)
(0.07 0.06 0.01)
(0.08 0.06 0.01)
(0.09 0.06 0.01)
(0.1 0.06 0.01)
(0.11 0.06 0.01)
(0.12 0.06 0.01)
(0.13 0.06 0.01)
(0.14 0.06 0.01)
(0.15 0.06 0.01)
(0.16 0.06 0.01)
(0.17 0.06 0.01)
(0.18 0.06 0.01)
(0.19 0.06 0.01)
(0.2 0.06 0.01)
(0.21 0.06 0.01)
(0.22 0.06 0.01)
(0.23 0.06 0.01)
(0.24 0.06 0.01)
(0.25 0.06 0.01)
(0.26 0.06 0.01)
(0.27 0.06 0.01)
(0.28 0.06 0.01)
(0.29 0.06 0.01)
(0.3 0.06 0.01)
(0.31 0.06 0.01)
(0.32 0.06 0.01)
(0.33 0.06 0.01)
(0.34 0.06 0.01)
(0.35 0.06 0.01)
(0.36 0.06 0.01)
(0.37 0.06 0.01)
(0.38 0.06 0.01)
(0.39 0.06 0.01)
(0.4 0.06 0.01)
(0.41 0.06 0.01)
(0.42 0.06 0.01)
(0.43 0.06 0.01)
(0.44 0.06 0.01)
(0.45 0.06 0.01)
(0.46 0.06 0.01)
(0.47 0.06 0.01)
(0.48 0.06 0.01)
(0.49 0.06 0.01)
(0.5 0.06 0.01)
(0.51 0.06 0.01)
(0.52 0.06 0.01)
(0.53 0.06 0.01)
(0.54 0.06 0.01)
(0.55 0.06 0.01)
(0.56 0.06 0.01)
(0.57 0.06 0.01)
(0.58 0.06 0.01)
(0.59 0.06 0.01)
(0.6 0.06 0.01)
(0.61 0.06 0.01)
(0.62 0.06 0.01)
(0.63 0.06 0.01)
(0.64 0.06 0.01)
(0.65 0.06 0.01)
(0.66 0.06 0.01)
(0.67 0.06 0.01)
(0.68 0.06 0.01)
(0.69 0.06 0.01)
(0.7 0.06 0.01)
(0.71 0.06 0.01)
(0.72 0.06 0.01)
(0.73 0.06 0.01)
(0.74 0.06 0.01)
(0.75 0.06 0.01)
(0.76 0.06 0.01)
(0.77 0.06 0.01)
(0.78 0.06 0.01)
(0.79 0.06 0.01)
(0.8 0.06 0.01)
(0.81 0.06 0.01)
(0.82 0.06 0.01)
(0.83 0.06 0.01)
(0.84 0.06 0.01)
(0.85 0.06 0.01)
(0.86 0.06 0.01)
(0.87 0.06 0.01)
(0.88 0.06 0.01)
(0.89 0.06 0.01)
(0.9 0.06 0.01)
(0.91 0.06 0.01)
(0.92 0.06 0.01)
(0.93 0.06 0.01)
(0.94 0.06 0.01)
(0.95 0.06 0.01)
(0.96 0.06 0.01)
(0.97 0.06 0.01)
(0.98 0.06 0.01)
(0.99 0.06 0.01)
(1 0.06 0.01)
(0 0.07 0.01)
(0.01 0.07 0.01)
(0.02 0.07 0.01)
(0.03 0.07 0.01)
(0.04 0.07 0.01)
(0.05 0.07 0.01)
(0.06 0.07 0.01)
(0.07 0.07 0.01)
(0.08 0.07 0.01)
(0.09 0.07 0.01)
(0.1 0.07 0.01)
(0.11 0.07 0.01)
(0.12 0.07 0.01)
(0.13 0.07 0.01)
(0.14 0.07 0.01)
(0.15 0.07 0.01)
(0.16 0.07 0.01)
(0.17 0.07 0.01)
(0.18 0.07 0.01)
(0.19 0.07 0.01)
(0.2 0.07 0.01)
(0.21 0.07 0.01)
(0.22 0.07 0.01)
(0.23 0.07 0.01)
(0.24 0.07 0.01)
(0.25 0.07 0.01)
(0.26 0.07 0.01)
(0.27 0.07 0.01)
(0.28 0.07 0.01)
(0.29 0.07 0.01)
(0.3 0.07 0.01)
(0.31 0.07 0.01)
(0.32 0.07 0.01)
(0.33 0.07 0.01)
(0.34 0.07 0.01)
(0.35 0.07 0.01)
(0.36 0.07 0.01)
(0.37 0.07 0.01)
(0.38 0.07 0.01)
(0.39 0.07 0.01)
(0.4 0.07 0.01)
(0.41 0.07 0.01)
(0.42 0.07 0.01)
(0.43 0.07 0.01)
(0.44 0.07 0.01)
(0.45 0.07 0.01)
(0.46 0.07 0.01)
(0.47 0.07 0.01)
(0.48 0.07 0.01)
(0.49 0.07 0.01)
(0.5 0.07 0.01)
(0.51 0.07 0.01)
(0.52 0.07 0.01)
(0.53 0.07 0.01)
(0.54 0.07 0.01)
(0.55 0.07 0.01)
(0.56 0.07 0.01)
(0.57 0.07 0.01)
(0.58 0.07 0.01)
(0.59 0.07 0.01)
(0.6 0.07 0.01)
(0.61 0.07 0.01)
(0.62 0.07 0.01)
(0.63 0.07 0.01)
(0.64 0.07 0.01)
(0.65 0.07 0.01)
(0.66 0.07 0.01)
(0.67 0.07 0.01)
(0.68 0.07 0.01)
(0.69 0.07 0.01)
(0.7 0.07 0.01)
(0.71 0.07 0.01)
(0.72 0.07 0.01)
(0.73 0.07 0.01)
(0.74 0.07 0.01)
(0.75 0.07 0.01)
(0.76 0.07 0.01)
(0.77 0.07 0.01)
(0.78 0.07 0.01)
(0.79 0.07 0.01)
(0.8 0.07 0.01)
(0.81 0.07 0.01)
(0.82 0.07 0.01)
(0.83 0.07 0.01)
(0.84 0.07 0.01)
(0.85 0.07 0.01)
(0.86 0.07 0.01)
(0.87 0.07 0.01)
(0.88 0.07 0.01)
(0.89 0.07 0.01)
(0.9 0.07 0.01)
(0.91 0.07 0.01)
(0.92 0.07 0.01)
(0.93 0.07 0.01)
(0.94 0.07 0.01)
(0.95 0.07 0.01)
(0.96 0.07 0.01)
(0.97 0.07 0.01)
(0.98 0.07 0.01)
(0.99 0.07 0.01)
(1 0.07 0.01)
(0 0.08 0.01)
(0.01 0.08 0.01)
(0.02 0.08 0.01)
(0.03 0.08 0.01)
(0.04 0.08 0.01)
(0.05 0.08 0.01)
(0.06 0.08 0.01)
(0.07 0.08 0.01)
(0.08 0.08 0.01)
(0.09 0.08 0.01)
(0.1 0.08 0.01)
(0.11 0.08 0.01)
(0.12 0.08 0.01)
(0.13 0.08 0.01)
(0.14 0.08 0.01)
(0.15 0.08 0.01)
(0.16 0.08 0.01)
(0.17 0.08 0.01)
(0.18 0.08 0.01)
(0.19 0.08 0.01)
(0.2 0.08 0.01)
(0.21 0.08 0.01)
(0.22 0.08 0.01)
(0.23 0.08 0.01)
(0.24 0.08 0.01)
(0.25 0.08 0.01)
(0.26 0.08 0.01)
(0.27 0.08 0.01)
(0.28 0.08 0.01)
(0.29 0.08 0.01)
(0.3 0.08 0.01)
(0.31 0.08 0.01)
(0.32 0.08 0.01)
(0.33 0.08 0.01)
(0.34 0.08 0.01)
(0.35 0.08 0.01)
(0.36 0.08 0.01)
(0.37 0.08 0.01)
(0.38 0.08 0.01)
(0.39 0.08 0.01)
(0.4 0.08 0.01)
(0.41 0.08 0.01)
(0.42 0.08 0.01)
(0.43 0.08 0.01)
(0.44 0.08 0.01)
(0.45 0.08 0.01)
(0.46 0.08 0.01)
(0.47 0.08 0.01)
(0.48 0.08 0.01)
(0.49 0.08 0.01)
(0.5 0.08 0.01)
(0.51 0.08 0.01)
(0.52 0.08 0.01)
(0.53 0.08 0.01)
(0.54 0.08 0.01)
(0.55 0.08 0.01)
(0.56 0.08 0.01)
(0.57 0.08 0.01)
(0.58 0.08 0.01)
(0.59 0.08 0.01)
(0.6 0.08 0.01)
(0.61 0.08 0.01)
(0.62 0.08 0.01)
(0.63 0.08 0.01)
(0.64 0.08 0.01)
(0.65 0.08 0.01)
(0.66 0.08 0.01)
(0.67 0.08 0.01)
(0.68 0.08 0.01)
(0.69 0.08 0.01)
(0.7 0.08 0.01)
(0.71 0.08 0.01)
(0.72 0.08 0.01)
(0.73 0.08 0.01)
(0.74 0.08 0.01)
(0.75 0.08 0.01)
(0.76 0.08 0.01)
(0.77 0.08 0.01)
(0.78 0.08 0.01)
(0.79 0.08 0.01)
(0.8 0.08 0.01)
(0.81 0.08 0.01)
(0.82 0.08 0.01)
(0.83 0.08 0.01)
(0.84 0.08 0.01)
(0.85 0.08 0.01)
(0.86 0.08 0.01)
(0.87 0.08 0.01)
(0.88 0.08 0.01)
(0.89 0.08 0.01)
(0.9 0.08 0.01)
(0.91 0.08 0.01)
(0.92 0.08 0.01)
(0.93 0.08 0.01)
(0.94 0.08 0.01)
(0.95 0.08 0.01)
(0.96 0.08 0.01)
(0.97 0.08 0.01)
(0.98 0.08 0.01)
(0.99 0.08 0.01)
(1 0.08 0.01)
(0 0.09 0.01)
(0.01 0.09 0.01)
(0.02 0.09 0.01)
(0.03 0.09 0.01)
(0.04 0.09 0.01)
(0.05 0.09 0.01)
(0.06 0.09 0.01)
(0.07 0.09 0.01)
(0.08 0.09 0.01)
(0.09 0.09 0.01)
(0.1 0.09 0.01)
(0.11 0.09 0.01)
(0.12 0.09 0.01)
(0.13 0.09 0.01)
(0.14 0.09 0.01)
(0.15 0.09 0.01)
(0.16 0.09 0.01)
(0.17 0.09 0.01)
(0.18 0.09 0.01)
(0.19 0.09 0.01)
(0.2 0.09 0.01)
(0.21 0.09 0.01)
(0.22 0.09 0.01)
(0.23 0.09 0.01)
(0.24 0.09 0.01)
(0.25 0.09 0.01)
(0.26 0.09 0.01)
(0.27 0.09 0.01)
(0.28 0.09 0.01)
(0.29 0.09 0.01)
(0.3 0.09 0.01)
(0.31 0.09 0.01)
(0.32 0.09 0.01)
(0.33 0.09 0.01)
(0.34 0.09 0.01)
(0.35 0.09 0.01)
(0.36 0.09 0.01)
(0.37 0.09 0.01)
(0.38 0.09 0.01)
(0.39 0.09 0.01)
(0.4 0.09 0.01)
(0.41 0.09 0.01)
(0.42 0.09 0.01)
(0.43 0.09 0.01)
(0.44 0.09 0.01)
(0.45 0.09 0.01)
(0.46 0.09 0.01)
(0.47 0.09 0.01)
(0.48 0.09 0.01)
(0.49 0.09 0.01)
(0.5 0.09 0.01)
(0.51 0.09 0.01)
(0.52 0.09 0.01)
(0.53 0.09 0.01)
(0.54 0.09 0.01)
(0.55 0.09 0.01)
(0.56 0.09 0.01)
(0.57 0.09 0.01)
(0.58 0.09 0.01)
(0.59 0.09 0.01)
(0.6 0.09 0.01)
(0.61 0.09 0.01)
(0.62 0.09 0.01)
(0.63 0.09 0.01)
(0.64 0.09 0.01)
(0.65 0.09 0.01)
(0.66 0.09 0.01)
(0.67 0.09 0.01)
(0.68 0.09 0.01)
(0.69 0.09 0.01)
(0.7 0.09 0.01)
(0.71 0.09 0.01)
(0.72 0.09 0.01)
(0.73 0.09 0.01)
(0.74 0.09 0.01)
(0.75 0.09 0.01)
(0.76 0.09 0.01)
(0.77 0.09 0.01)
(0.78 0.09 0.01)
(0.79 0.09 0.01)
(0.8 0.09 0.01)
(0.81 0.09 0.01)
(0.82 0.09 0.01)
(0.83 0.09 0.01)
(0.84 0.09 0.01)
(0.85 0.09 0.01)
(0.86 0.09 0.01)
(0.87 0.09 0.01)
(0.88 0.09 0.01)
(0.89 0.09 0.01)
(0.9 0.09 0.01)
(0.91 0.09 0.01)
(0.92 0.09 0.01)
(0.93 0.09 0.01)
(0.94 0.09 0.01)
(0.95 0.09 0.01)
(0.96 0.09 0.01)
(0.97 0.09 0.01)
(0.98 0.09 0.01)
(0.99 0.09 0.01)
(1 0.09 0.01)
(0 0.1 0.01)
(0.01 0.1 0.01)
(0.02 0.1 0.01)
(0.03 0.1 0.01)
(0.04 0.1 0.01)
(0.05 0.1 0.01)
(0.06 0.1 0.01)
(0.07 0.1 0.01)
(0.08 0.1 0.01)
(0.09 0.1 0.01)
(0.1 0.1 0.01)
(0.11 0.1 0.01)
(0.12 0.1 0.01)
(0.13 0.1 0.01)
(0.14 0.1 0.01)
(0.15 0.1 0.01)
(0.16 0.1 0.01)
(0.17 0.1 0.01)
(0.18 0.1 0.01)
(0.19 0.1 0.01)
(0.2 0.1 0.01)
(0.21 0.1 0.01)
(0.22 0.1 0.01)
(0.23 0.1 0.01)
(0.24 0.1 0.01)
(0.25 0.1 0.01)
(0.26 0.1 0.01)
(0.27 0.1 0.01)
(0.28 0.1 0.01)
(0.29 0.1 0.01)
(0.3 0.1 0.01)
(0.31 0.1 0.01)
(0.32 0.1 0.01)
(0.33 0.1 0.01)
(0.34 0.1 0.01)
(0.35 0.1 0.01)
(0.36 0.1 0.01)
(0.37 0.1 0.01)
(0.38 0.1 0.01)
(0.39 0.1 0.01)
(0.4 0.1 0.01)
(0.41 0.1 0.01)
(0.42 0.1 0.01)
(0.43 0.1 0.01)
(0.44 0.1 0.01)
(0.45 0.1 0.01)
(0.46 0.1 0.01)
(0.47 0.1 0.01)
(0.48 0.1 0.01)
(0.49 0.1 0.01)
(0.5 0.1 0.01)
(0.51 0.1 0.01)
(0.52 0.1 0.01)
(0.53 0.1 0.01)
(0.54 0.1 0.01)
(0.55 0.1 0.01)
(0.56 0.1 0.01)
(0.57 0.1 0.01)
(0.58 0.1 0.01)
(0.59 0.1 0.01)
(0.6 0.1 0.01)
(0.61 0.1 0.01)
(0.62 0.1 0.01)
(0.63 0.1 0.01)
(0.64 0.1 0.01)
(0.65 0.1 0.01)
(0.66 0.1 0.01)
(0.67 0.1 0.01)
(0.68 0.1 0.01)
(0.69 0.1 0.01)
(0.7 0.1 0.01)
(0.71 0.1 0.01)
(0.72 0.1 0.01)
(0.73 0.1 0.01)
(0.74 0.1 0.01)
(0.75 0.1 0.01)
(0.76 0.1 0.01)
(0.77 0.1 0.01)
(0.78 0.1 0.01)
(0.79 0.1 0.01)
(0.8 0.1 0.01)
(0.81 0.1 0.01)
(0.82 0.1 0.01)
(0.83 0.1 0.01)
(0.84 0.1 0.01)
(0.85 0.1 0.01)
(0.86 0.1 0.01)
(0.87 0.1 0.01)
(0.88 0.1 0.01)
(0.89 0.1 0.01)
(0.9 0.1 0.01)
(0.91 0.1 0.01)
(0.92 0.1 0.01)
(0.93 0.1 0.01)
(0.94 0.1 0.01)
(0.95 0.1 0.01)
(0.96 0.1 0.01)
(0.97 0.1 0.01)
(0.98 0.1 0.01)
(0.99 0.1 0.01)
(1 0.1 0.01)
)


// ************************************************************************* //
