/*--------------------------------*- C++ -*----------------------------------*\
| =========                 |                                                 |
| \\      /  F ield         | OpenFOAM: The Open Source CFD Toolbox           |
|  \\    /   O peration     | Version:  2.2.2                                 |
|   \\  /    A nd           | Web:      www.OpenFOAM.org                      |
|    \\/     M anipulation  |                                                 |
\*---------------------------------------------------------------------------*/
FoamFile
{
    version     2.0;
    format      ascii;
    class       faceList;
    location    "constant/polyMesh";
    object      faces;
}
// * * * * * * * * * * * * * * * * * * * * * * * * * * * * * * * * * * * * * //


3260
(
4(1 12 243 232)
4(11 242 243 12)
4(2 13 244 233)
4(12 243 244 13)
4(3 14 245 234)
4(13 244 245 14)
4(4 15 246 235)
4(14 245 246 15)
4(5 16 247 236)
4(15 246 247 16)
4(6 17 248 237)
4(16 247 248 17)
4(7 18 249 238)
4(17 248 249 18)
4(8 19 250 239)
4(18 249 250 19)
4(9 20 251 240)
4(19 250 251 20)
4(20 251 252 21)
4(10 21 252 241)
4(12 23 254 243)
4(22 253 254 23)
4(13 24 255 244)
4(23 254 255 24)
4(14 25 256 245)
4(24 255 256 25)
4(15 26 257 246)
4(25 256 257 26)
4(16 27 258 247)
4(26 257 258 27)
4(17 28 259 248)
4(27 258 259 28)
4(18 29 260 249)
4(28 259 260 29)
4(19 30 261 250)
4(29 260 261 30)
4(20 31 262 251)
4(30 261 262 31)
4(31 262 263 32)
4(21 32 263 252)
4(23 34 265 254)
4(33 264 265 34)
4(24 35 266 255)
4(34 265 266 35)
4(25 36 267 256)
4(35 266 267 36)
4(26 37 268 257)
4(36 267 268 37)
4(27 38 269 258)
4(37 268 269 38)
4(28 39 270 259)
4(38 269 270 39)
4(29 40 271 260)
4(39 270 271 40)
4(30 41 272 261)
4(40 271 272 41)
4(31 42 273 262)
4(41 272 273 42)
4(42 273 274 43)
4(32 43 274 263)
4(34 45 276 265)
4(44 275 276 45)
4(35 46 277 266)
4(45 276 277 46)
4(36 47 278 267)
4(46 277 278 47)
4(37 48 279 268)
4(47 278 279 48)
4(38 49 280 269)
4(48 279 280 49)
4(39 50 281 270)
4(49 280 281 50)
4(40 51 282 271)
4(50 281 282 51)
4(41 52 283 272)
4(51 282 283 52)
4(42 53 284 273)
4(52 283 284 53)
4(53 284 285 54)
4(43 54 285 274)
4(45 56 287 276)
4(55 286 287 56)
4(46 57 288 277)
4(56 287 288 57)
4(47 58 289 278)
4(57 288 289 58)
4(48 59 290 279)
4(58 289 290 59)
4(49 60 291 280)
4(59 290 291 60)
4(50 61 292 281)
4(60 291 292 61)
4(51 62 293 282)
4(61 292 293 62)
4(52 63 294 283)
4(62 293 294 63)
4(53 64 295 284)
4(63 294 295 64)
4(64 295 296 65)
4(54 65 296 285)
4(56 67 298 287)
4(66 297 298 67)
4(57 68 299 288)
4(67 298 299 68)
4(58 69 300 289)
4(68 299 300 69)
4(59 70 301 290)
4(69 300 301 70)
4(60 71 302 291)
4(70 301 302 71)
4(61 72 303 292)
4(71 302 303 72)
4(62 73 304 293)
4(72 303 304 73)
4(63 74 305 294)
4(73 304 305 74)
4(64 75 306 295)
4(74 305 306 75)
4(75 306 307 76)
4(65 76 307 296)
4(67 78 309 298)
4(77 308 309 78)
4(68 79 310 299)
4(78 309 310 79)
4(69 80 311 300)
4(79 310 311 80)
4(70 81 312 301)
4(80 311 312 81)
4(71 82 313 302)
4(81 312 313 82)
4(72 83 314 303)
4(82 313 314 83)
4(73 84 315 304)
4(83 314 315 84)
4(74 85 316 305)
4(84 315 316 85)
4(75 86 317 306)
4(85 316 317 86)
4(86 317 318 87)
4(76 87 318 307)
4(78 89 320 309)
4(88 319 320 89)
4(79 90 321 310)
4(89 320 321 90)
4(80 91 322 311)
4(90 321 322 91)
4(81 92 323 312)
4(91 322 323 92)
4(82 93 324 313)
4(92 323 324 93)
4(83 94 325 314)
4(93 324 325 94)
4(84 95 326 315)
4(94 325 326 95)
4(85 96 327 316)
4(95 326 327 96)
4(86 97 328 317)
4(96 327 328 97)
4(97 328 329 98)
4(87 98 329 318)
4(89 100 331 320)
4(99 330 331 100)
4(90 101 332 321)
4(100 331 332 101)
4(91 102 333 322)
4(101 332 333 102)
4(92 103 334 323)
4(102 333 334 103)
4(93 104 335 324)
4(103 334 335 104)
4(94 105 336 325)
4(104 335 336 105)
4(95 106 337 326)
4(105 336 337 106)
4(96 107 338 327)
4(106 337 338 107)
4(97 108 339 328)
4(107 338 339 108)
4(108 339 340 109)
4(98 109 340 329)
4(100 111 342 331)
4(110 341 342 111)
4(101 112 343 332)
4(111 342 343 112)
4(102 113 344 333)
4(112 343 344 113)
4(103 114 345 334)
4(113 344 345 114)
4(104 115 346 335)
4(114 345 346 115)
4(105 116 347 336)
4(115 346 347 116)
4(106 117 348 337)
4(116 347 348 117)
4(107 118 349 338)
4(117 348 349 118)
4(108 119 350 339)
4(118 349 350 119)
4(119 350 351 120)
4(109 120 351 340)
4(111 122 353 342)
4(121 352 353 122)
4(112 123 354 343)
4(122 353 354 123)
4(113 124 355 344)
4(123 354 355 124)
4(114 125 356 345)
4(124 355 356 125)
4(115 126 357 346)
4(125 356 357 126)
4(116 127 358 347)
4(126 357 358 127)
4(117 128 359 348)
4(127 358 359 128)
4(118 129 360 349)
4(128 359 360 129)
4(119 130 361 350)
4(129 360 361 130)
4(130 361 362 131)
4(120 131 362 351)
4(122 133 364 353)
4(132 363 364 133)
4(123 134 365 354)
4(133 364 365 134)
4(124 135 366 355)
4(134 365 366 135)
4(125 136 367 356)
4(135 366 367 136)
4(126 137 368 357)
4(136 367 368 137)
4(127 138 369 358)
4(137 368 369 138)
4(128 139 370 359)
4(138 369 370 139)
4(129 140 371 360)
4(139 370 371 140)
4(130 141 372 361)
4(140 371 372 141)
4(141 372 373 142)
4(131 142 373 362)
4(133 144 375 364)
4(143 374 375 144)
4(134 145 376 365)
4(144 375 376 145)
4(135 146 377 366)
4(145 376 377 146)
4(136 147 378 367)
4(146 377 378 147)
4(137 148 379 368)
4(147 378 379 148)
4(138 149 380 369)
4(148 379 380 149)
4(139 150 381 370)
4(149 380 381 150)
4(140 151 382 371)
4(150 381 382 151)
4(141 152 383 372)
4(151 382 383 152)
4(152 383 384 153)
4(142 153 384 373)
4(144 155 386 375)
4(154 385 386 155)
4(145 156 387 376)
4(155 386 387 156)
4(146 157 388 377)
4(156 387 388 157)
4(147 158 389 378)
4(157 388 389 158)
4(148 159 390 379)
4(158 389 390 159)
4(149 160 391 380)
4(159 390 391 160)
4(150 161 392 381)
4(160 391 392 161)
4(151 162 393 382)
4(161 392 393 162)
4(152 163 394 383)
4(162 393 394 163)
4(163 394 395 164)
4(153 164 395 384)
4(155 166 397 386)
4(165 396 397 166)
4(156 167 398 387)
4(166 397 398 167)
4(157 168 399 388)
4(167 398 399 168)
4(158 169 400 389)
4(168 399 400 169)
4(159 170 401 390)
4(169 400 401 170)
4(160 171 402 391)
4(170 401 402 171)
4(161 172 403 392)
4(171 402 403 172)
4(162 173 404 393)
4(172 403 404 173)
4(163 174 405 394)
4(173 404 405 174)
4(174 405 406 175)
4(164 175 406 395)
4(166 177 408 397)
4(176 407 408 177)
4(167 178 409 398)
4(177 408 409 178)
4(168 179 410 399)
4(178 409 410 179)
4(169 180 411 400)
4(179 410 411 180)
4(170 181 412 401)
4(180 411 412 181)
4(171 182 413 402)
4(181 412 413 182)
4(172 183 414 403)
4(182 413 414 183)
4(173 184 415 404)
4(183 414 415 184)
4(174 185 416 405)
4(184 415 416 185)
4(185 416 417 186)
4(175 186 417 406)
4(177 188 419 408)
4(187 418 419 188)
4(178 189 420 409)
4(188 419 420 189)
4(179 190 421 410)
4(189 420 421 190)
4(180 191 422 411)
4(190 421 422 191)
4(181 192 423 412)
4(191 422 423 192)
4(182 193 424 413)
4(192 423 424 193)
4(183 194 425 414)
4(193 424 425 194)
4(184 195 426 415)
4(194 425 426 195)
4(185 196 427 416)
4(195 426 427 196)
4(196 427 428 197)
4(186 197 428 417)
4(188 199 430 419)
4(198 429 430 199)
4(189 200 431 420)
4(199 430 431 200)
4(190 201 432 421)
4(200 431 432 201)
4(191 202 433 422)
4(201 432 433 202)
4(192 203 434 423)
4(202 433 434 203)
4(193 204 435 424)
4(203 434 435 204)
4(194 205 436 425)
4(204 435 436 205)
4(195 206 437 426)
4(205 436 437 206)
4(196 207 438 427)
4(206 437 438 207)
4(207 438 439 208)
4(197 208 439 428)
4(199 210 441 430)
4(209 440 441 210)
4(200 211 442 431)
4(210 441 442 211)
4(201 212 443 432)
4(211 442 443 212)
4(202 213 444 433)
4(212 443 444 213)
4(203 214 445 434)
4(213 444 445 214)
4(204 215 446 435)
4(214 445 446 215)
4(205 216 447 436)
4(215 446 447 216)
4(206 217 448 437)
4(216 447 448 217)
4(207 218 449 438)
4(217 448 449 218)
4(218 449 450 219)
4(208 219 450 439)
4(210 221 452 441)
4(211 222 453 442)
4(212 223 454 443)
4(213 224 455 444)
4(214 225 456 445)
4(215 226 457 446)
4(216 227 458 447)
4(217 228 459 448)
4(218 229 460 449)
4(219 230 461 450)
4(462 472 682 672)
4(21 252 682 472)
4(463 473 683 673)
4(472 682 683 473)
4(464 474 684 674)
4(473 683 684 474)
4(465 475 685 675)
4(474 684 685 475)
4(466 476 686 676)
4(475 685 686 476)
4(467 477 687 677)
4(476 686 687 477)
4(468 478 688 678)
4(477 687 688 478)
4(469 479 689 679)
4(478 688 689 479)
4(470 480 690 680)
4(479 689 690 480)
4(480 690 691 481)
4(471 481 691 681)
4(472 482 692 682)
4(32 263 692 482)
4(473 483 693 683)
4(482 692 693 483)
4(474 484 694 684)
4(483 693 694 484)
4(475 485 695 685)
4(484 694 695 485)
4(476 486 696 686)
4(485 695 696 486)
4(477 487 697 687)
4(486 696 697 487)
4(478 488 698 688)
4(487 697 698 488)
4(479 489 699 689)
4(488 698 699 489)
4(480 490 700 690)
4(489 699 700 490)
4(490 700 701 491)
4(481 491 701 691)
4(482 492 702 692)
4(43 274 702 492)
4(483 493 703 693)
4(492 702 703 493)
4(484 494 704 694)
4(493 703 704 494)
4(485 495 705 695)
4(494 704 705 495)
4(486 496 706 696)
4(495 705 706 496)
4(487 497 707 697)
4(496 706 707 497)
4(488 498 708 698)
4(497 707 708 498)
4(489 499 709 699)
4(498 708 709 499)
4(490 500 710 700)
4(499 709 710 500)
4(500 710 711 501)
4(491 501 711 701)
4(492 502 712 702)
4(54 285 712 502)
4(493 503 713 703)
4(502 712 713 503)
4(494 504 714 704)
4(503 713 714 504)
4(495 505 715 705)
4(504 714 715 505)
4(496 506 716 706)
4(505 715 716 506)
4(497 507 717 707)
4(506 716 717 507)
4(498 508 718 708)
4(507 717 718 508)
4(499 509 719 709)
4(508 718 719 509)
4(500 510 720 710)
4(509 719 720 510)
4(510 720 721 511)
4(501 511 721 711)
4(502 512 722 712)
4(65 296 722 512)
4(503 513 723 713)
4(512 722 723 513)
4(504 514 724 714)
4(513 723 724 514)
4(505 515 725 715)
4(514 724 725 515)
4(506 516 726 716)
4(515 725 726 516)
4(507 517 727 717)
4(516 726 727 517)
4(508 518 728 718)
4(517 727 728 518)
4(509 519 729 719)
4(518 728 729 519)
4(510 520 730 720)
4(519 729 730 520)
4(520 730 731 521)
4(511 521 731 721)
4(512 522 732 722)
4(76 307 732 522)
4(513 523 733 723)
4(522 732 733 523)
4(514 524 734 724)
4(523 733 734 524)
4(515 525 735 725)
4(524 734 735 525)
4(516 526 736 726)
4(525 735 736 526)
4(517 527 737 727)
4(526 736 737 527)
4(518 528 738 728)
4(527 737 738 528)
4(519 529 739 729)
4(528 738 739 529)
4(520 530 740 730)
4(529 739 740 530)
4(530 740 741 531)
4(521 531 741 731)
4(522 532 742 732)
4(87 318 742 532)
4(523 533 743 733)
4(532 742 743 533)
4(524 534 744 734)
4(533 743 744 534)
4(525 535 745 735)
4(534 744 745 535)
4(526 536 746 736)
4(535 745 746 536)
4(527 537 747 737)
4(536 746 747 537)
4(528 538 748 738)
4(537 747 748 538)
4(529 539 749 739)
4(538 748 749 539)
4(530 540 750 740)
4(539 749 750 540)
4(540 750 751 541)
4(531 541 751 741)
4(532 542 752 742)
4(98 329 752 542)
4(533 543 753 743)
4(542 752 753 543)
4(534 544 754 744)
4(543 753 754 544)
4(535 545 755 745)
4(544 754 755 545)
4(536 546 756 746)
4(545 755 756 546)
4(537 547 757 747)
4(546 756 757 547)
4(538 548 758 748)
4(547 757 758 548)
4(539 549 759 749)
4(548 758 759 549)
4(540 550 760 750)
4(549 759 760 550)
4(550 760 761 551)
4(541 551 761 751)
4(542 552 762 752)
4(109 340 762 552)
4(543 553 763 753)
4(552 762 763 553)
4(544 554 764 754)
4(553 763 764 554)
4(545 555 765 755)
4(554 764 765 555)
4(546 556 766 756)
4(555 765 766 556)
4(547 557 767 757)
4(556 766 767 557)
4(548 558 768 758)
4(557 767 768 558)
4(549 559 769 759)
4(558 768 769 559)
4(550 560 770 760)
4(559 769 770 560)
4(560 770 771 561)
4(551 561 771 761)
4(552 562 772 762)
4(120 351 772 562)
4(553 563 773 763)
4(562 772 773 563)
4(554 564 774 764)
4(563 773 774 564)
4(555 565 775 765)
4(564 774 775 565)
4(556 566 776 766)
4(565 775 776 566)
4(557 567 777 767)
4(566 776 777 567)
4(558 568 778 768)
4(567 777 778 568)
4(559 569 779 769)
4(568 778 779 569)
4(560 570 780 770)
4(569 779 780 570)
4(570 780 781 571)
4(561 571 781 771)
4(562 572 782 772)
4(131 362 782 572)
4(563 573 783 773)
4(572 782 783 573)
4(564 574 784 774)
4(573 783 784 574)
4(565 575 785 775)
4(574 784 785 575)
4(566 576 786 776)
4(575 785 786 576)
4(567 577 787 777)
4(576 786 787 577)
4(568 578 788 778)
4(577 787 788 578)
4(569 579 789 779)
4(578 788 789 579)
4(570 580 790 780)
4(579 789 790 580)
4(580 790 791 581)
4(571 581 791 781)
4(572 582 792 782)
4(142 373 792 582)
4(573 583 793 783)
4(582 792 793 583)
4(574 584 794 784)
4(583 793 794 584)
4(575 585 795 785)
4(584 794 795 585)
4(576 586 796 786)
4(585 795 796 586)
4(577 587 797 787)
4(586 796 797 587)
4(578 588 798 788)
4(587 797 798 588)
4(579 589 799 789)
4(588 798 799 589)
4(580 590 800 790)
4(589 799 800 590)
4(590 800 801 591)
4(581 591 801 791)
4(582 592 802 792)
4(153 384 802 592)
4(583 593 803 793)
4(592 802 803 593)
4(584 594 804 794)
4(593 803 804 594)
4(585 595 805 795)
4(594 804 805 595)
4(586 596 806 796)
4(595 805 806 596)
4(587 597 807 797)
4(596 806 807 597)
4(588 598 808 798)
4(597 807 808 598)
4(589 599 809 799)
4(598 808 809 599)
4(590 600 810 800)
4(599 809 810 600)
4(600 810 811 601)
4(591 601 811 801)
4(592 602 812 802)
4(164 395 812 602)
4(593 603 813 803)
4(602 812 813 603)
4(594 604 814 804)
4(603 813 814 604)
4(595 605 815 805)
4(604 814 815 605)
4(596 606 816 806)
4(605 815 816 606)
4(597 607 817 807)
4(606 816 817 607)
4(598 608 818 808)
4(607 817 818 608)
4(599 609 819 809)
4(608 818 819 609)
4(600 610 820 810)
4(609 819 820 610)
4(610 820 821 611)
4(601 611 821 811)
4(602 612 822 812)
4(175 406 822 612)
4(603 613 823 813)
4(612 822 823 613)
4(604 614 824 814)
4(613 823 824 614)
4(605 615 825 815)
4(614 824 825 615)
4(606 616 826 816)
4(615 825 826 616)
4(607 617 827 817)
4(616 826 827 617)
4(608 618 828 818)
4(617 827 828 618)
4(609 619 829 819)
4(618 828 829 619)
4(610 620 830 820)
4(619 829 830 620)
4(620 830 831 621)
4(611 621 831 821)
4(612 622 832 822)
4(186 417 832 622)
4(613 623 833 823)
4(622 832 833 623)
4(614 624 834 824)
4(623 833 834 624)
4(615 625 835 825)
4(624 834 835 625)
4(616 626 836 826)
4(625 835 836 626)
4(617 627 837 827)
4(626 836 837 627)
4(618 628 838 828)
4(627 837 838 628)
4(619 629 839 829)
4(628 838 839 629)
4(620 630 840 830)
4(629 839 840 630)
4(630 840 841 631)
4(621 631 841 831)
4(622 632 842 832)
4(197 428 842 632)
4(623 633 843 833)
4(632 842 843 633)
4(624 634 844 834)
4(633 843 844 634)
4(625 635 845 835)
4(634 844 845 635)
4(626 636 846 836)
4(635 845 846 636)
4(627 637 847 837)
4(636 846 847 637)
4(628 638 848 838)
4(637 847 848 638)
4(629 639 849 839)
4(638 848 849 639)
4(630 640 850 840)
4(639 849 850 640)
4(640 850 851 641)
4(631 641 851 841)
4(632 642 852 842)
4(208 439 852 642)
4(633 643 853 843)
4(642 852 853 643)
4(634 644 854 844)
4(643 853 854 644)
4(635 645 855 845)
4(644 854 855 645)
4(636 646 856 846)
4(645 855 856 646)
4(637 647 857 847)
4(646 856 857 647)
4(638 648 858 848)
4(647 857 858 648)
4(639 649 859 849)
4(648 858 859 649)
4(640 650 860 850)
4(649 859 860 650)
4(650 860 861 651)
4(641 651 861 851)
4(642 652 862 852)
4(219 450 862 652)
4(643 653 863 853)
4(652 862 863 653)
4(644 654 864 854)
4(653 863 864 654)
4(645 655 865 855)
4(654 864 865 655)
4(646 656 866 856)
4(655 865 866 656)
4(647 657 867 857)
4(656 866 867 657)
4(648 658 868 858)
4(657 867 868 658)
4(649 659 869 859)
4(658 868 869 659)
4(650 660 870 860)
4(659 869 870 660)
4(660 870 871 661)
4(651 661 871 861)
4(652 662 872 862)
4(653 663 873 863)
4(654 664 874 864)
4(655 665 875 865)
4(656 666 876 866)
4(657 667 877 867)
4(658 668 878 868)
4(659 669 879 869)
4(660 670 880 870)
4(661 671 881 871)
4(882 902 1322 1302)
4(481 691 1322 902)
4(883 903 1323 1303)
4(902 1322 1323 903)
4(884 904 1324 1304)
4(903 1323 1324 904)
4(885 905 1325 1305)
4(904 1324 1325 905)
4(886 906 1326 1306)
4(905 1325 1326 906)
4(887 907 1327 1307)
4(906 1326 1327 907)
4(888 908 1328 1308)
4(907 1327 1328 908)
4(889 909 1329 1309)
4(908 1328 1329 909)
4(890 910 1330 1310)
4(909 1329 1330 910)
4(891 911 1331 1311)
4(910 1330 1331 911)
4(892 912 1332 1312)
4(911 1331 1332 912)
4(893 913 1333 1313)
4(912 1332 1333 913)
4(894 914 1334 1314)
4(913 1333 1334 914)
4(895 915 1335 1315)
4(914 1334 1335 915)
4(896 916 1336 1316)
4(915 1335 1336 916)
4(897 917 1337 1317)
4(916 1336 1337 917)
4(898 918 1338 1318)
4(917 1337 1338 918)
4(899 919 1339 1319)
4(918 1338 1339 919)
4(900 920 1340 1320)
4(919 1339 1340 920)
4(920 1340 1341 921)
4(902 922 1342 1322)
4(491 701 1342 922)
4(903 923 1343 1323)
4(922 1342 1343 923)
4(904 924 1344 1324)
4(923 1343 1344 924)
4(905 925 1345 1325)
4(924 1344 1345 925)
4(906 926 1346 1326)
4(925 1345 1346 926)
4(907 927 1347 1327)
4(926 1346 1347 927)
4(908 928 1348 1328)
4(927 1347 1348 928)
4(909 929 1349 1329)
4(928 1348 1349 929)
4(910 930 1350 1330)
4(929 1349 1350 930)
4(911 931 1351 1331)
4(930 1350 1351 931)
4(912 932 1352 1332)
4(931 1351 1352 932)
4(913 933 1353 1333)
4(932 1352 1353 933)
4(914 934 1354 1334)
4(933 1353 1354 934)
4(915 935 1355 1335)
4(934 1354 1355 935)
4(916 936 1356 1336)
4(935 1355 1356 936)
4(917 937 1357 1337)
4(936 1356 1357 937)
4(918 938 1358 1338)
4(937 1357 1358 938)
4(919 939 1359 1339)
4(938 1358 1359 939)
4(920 940 1360 1340)
4(939 1359 1360 940)
4(940 1360 1361 941)
4(922 942 1362 1342)
4(501 711 1362 942)
4(923 943 1363 1343)
4(942 1362 1363 943)
4(924 944 1364 1344)
4(943 1363 1364 944)
4(925 945 1365 1345)
4(944 1364 1365 945)
4(926 946 1366 1346)
4(945 1365 1366 946)
4(927 947 1367 1347)
4(946 1366 1367 947)
4(928 948 1368 1348)
4(947 1367 1368 948)
4(929 949 1369 1349)
4(948 1368 1369 949)
4(930 950 1370 1350)
4(949 1369 1370 950)
4(931 951 1371 1351)
4(950 1370 1371 951)
4(932 952 1372 1352)
4(951 1371 1372 952)
4(933 953 1373 1353)
4(952 1372 1373 953)
4(934 954 1374 1354)
4(953 1373 1374 954)
4(935 955 1375 1355)
4(954 1374 1375 955)
4(936 956 1376 1356)
4(955 1375 1376 956)
4(937 957 1377 1357)
4(956 1376 1377 957)
4(938 958 1378 1358)
4(957 1377 1378 958)
4(939 959 1379 1359)
4(958 1378 1379 959)
4(940 960 1380 1360)
4(959 1379 1380 960)
4(960 1380 1381 961)
4(942 962 1382 1362)
4(511 721 1382 962)
4(943 963 1383 1363)
4(962 1382 1383 963)
4(944 964 1384 1364)
4(963 1383 1384 964)
4(945 965 1385 1365)
4(964 1384 1385 965)
4(946 966 1386 1366)
4(965 1385 1386 966)
4(947 967 1387 1367)
4(966 1386 1387 967)
4(948 968 1388 1368)
4(967 1387 1388 968)
4(949 969 1389 1369)
4(968 1388 1389 969)
4(950 970 1390 1370)
4(969 1389 1390 970)
4(951 971 1391 1371)
4(970 1390 1391 971)
4(952 972 1392 1372)
4(971 1391 1392 972)
4(953 973 1393 1373)
4(972 1392 1393 973)
4(954 974 1394 1374)
4(973 1393 1394 974)
4(955 975 1395 1375)
4(974 1394 1395 975)
4(956 976 1396 1376)
4(975 1395 1396 976)
4(957 977 1397 1377)
4(976 1396 1397 977)
4(958 978 1398 1378)
4(977 1397 1398 978)
4(959 979 1399 1379)
4(978 1398 1399 979)
4(960 980 1400 1380)
4(979 1399 1400 980)
4(980 1400 1401 981)
4(962 982 1402 1382)
4(521 731 1402 982)
4(963 983 1403 1383)
4(982 1402 1403 983)
4(964 984 1404 1384)
4(983 1403 1404 984)
4(965 985 1405 1385)
4(984 1404 1405 985)
4(966 986 1406 1386)
4(985 1405 1406 986)
4(967 987 1407 1387)
4(986 1406 1407 987)
4(968 988 1408 1388)
4(987 1407 1408 988)
4(969 989 1409 1389)
4(988 1408 1409 989)
4(970 990 1410 1390)
4(989 1409 1410 990)
4(971 991 1411 1391)
4(990 1410 1411 991)
4(972 992 1412 1392)
4(991 1411 1412 992)
4(973 993 1413 1393)
4(992 1412 1413 993)
4(974 994 1414 1394)
4(993 1413 1414 994)
4(975 995 1415 1395)
4(994 1414 1415 995)
4(976 996 1416 1396)
4(995 1415 1416 996)
4(977 997 1417 1397)
4(996 1416 1417 997)
4(978 998 1418 1398)
4(997 1417 1418 998)
4(979 999 1419 1399)
4(998 1418 1419 999)
4(980 1000 1420 1400)
4(999 1419 1420 1000)
4(1000 1420 1421 1001)
4(982 1002 1422 1402)
4(531 741 1422 1002)
4(983 1003 1423 1403)
4(1002 1422 1423 1003)
4(984 1004 1424 1404)
4(1003 1423 1424 1004)
4(985 1005 1425 1405)
4(1004 1424 1425 1005)
4(986 1006 1426 1406)
4(1005 1425 1426 1006)
4(987 1007 1427 1407)
4(1006 1426 1427 1007)
4(988 1008 1428 1408)
4(1007 1427 1428 1008)
4(989 1009 1429 1409)
4(1008 1428 1429 1009)
4(990 1010 1430 1410)
4(1009 1429 1430 1010)
4(991 1011 1431 1411)
4(1010 1430 1431 1011)
4(992 1012 1432 1412)
4(1011 1431 1432 1012)
4(993 1013 1433 1413)
4(1012 1432 1433 1013)
4(994 1014 1434 1414)
4(1013 1433 1434 1014)
4(995 1015 1435 1415)
4(1014 1434 1435 1015)
4(996 1016 1436 1416)
4(1015 1435 1436 1016)
4(997 1017 1437 1417)
4(1016 1436 1437 1017)
4(998 1018 1438 1418)
4(1017 1437 1438 1018)
4(999 1019 1439 1419)
4(1018 1438 1439 1019)
4(1000 1020 1440 1420)
4(1019 1439 1440 1020)
4(1020 1440 1441 1021)
4(1002 1022 1442 1422)
4(541 751 1442 1022)
4(1003 1023 1443 1423)
4(1022 1442 1443 1023)
4(1004 1024 1444 1424)
4(1023 1443 1444 1024)
4(1005 1025 1445 1425)
4(1024 1444 1445 1025)
4(1006 1026 1446 1426)
4(1025 1445 1446 1026)
4(1007 1027 1447 1427)
4(1026 1446 1447 1027)
4(1008 1028 1448 1428)
4(1027 1447 1448 1028)
4(1009 1029 1449 1429)
4(1028 1448 1449 1029)
4(1010 1030 1450 1430)
4(1029 1449 1450 1030)
4(1011 1031 1451 1431)
4(1030 1450 1451 1031)
4(1012 1032 1452 1432)
4(1031 1451 1452 1032)
4(1013 1033 1453 1433)
4(1032 1452 1453 1033)
4(1014 1034 1454 1434)
4(1033 1453 1454 1034)
4(1015 1035 1455 1435)
4(1034 1454 1455 1035)
4(1016 1036 1456 1436)
4(1035 1455 1456 1036)
4(1017 1037 1457 1437)
4(1036 1456 1457 1037)
4(1018 1038 1458 1438)
4(1037 1457 1458 1038)
4(1019 1039 1459 1439)
4(1038 1458 1459 1039)
4(1020 1040 1460 1440)
4(1039 1459 1460 1040)
4(1040 1460 1461 1041)
4(1022 1042 1462 1442)
4(551 761 1462 1042)
4(1023 1043 1463 1443)
4(1042 1462 1463 1043)
4(1024 1044 1464 1444)
4(1043 1463 1464 1044)
4(1025 1045 1465 1445)
4(1044 1464 1465 1045)
4(1026 1046 1466 1446)
4(1045 1465 1466 1046)
4(1027 1047 1467 1447)
4(1046 1466 1467 1047)
4(1028 1048 1468 1448)
4(1047 1467 1468 1048)
4(1029 1049 1469 1449)
4(1048 1468 1469 1049)
4(1030 1050 1470 1450)
4(1049 1469 1470 1050)
4(1031 1051 1471 1451)
4(1050 1470 1471 1051)
4(1032 1052 1472 1452)
4(1051 1471 1472 1052)
4(1033 1053 1473 1453)
4(1052 1472 1473 1053)
4(1034 1054 1474 1454)
4(1053 1473 1474 1054)
4(1035 1055 1475 1455)
4(1054 1474 1475 1055)
4(1036 1056 1476 1456)
4(1055 1475 1476 1056)
4(1037 1057 1477 1457)
4(1056 1476 1477 1057)
4(1038 1058 1478 1458)
4(1057 1477 1478 1058)
4(1039 1059 1479 1459)
4(1058 1478 1479 1059)
4(1040 1060 1480 1460)
4(1059 1479 1480 1060)
4(1060 1480 1481 1061)
4(1042 1062 1482 1462)
4(561 771 1482 1062)
4(1043 1063 1483 1463)
4(1062 1482 1483 1063)
4(1044 1064 1484 1464)
4(1063 1483 1484 1064)
4(1045 1065 1485 1465)
4(1064 1484 1485 1065)
4(1046 1066 1486 1466)
4(1065 1485 1486 1066)
4(1047 1067 1487 1467)
4(1066 1486 1487 1067)
4(1048 1068 1488 1468)
4(1067 1487 1488 1068)
4(1049 1069 1489 1469)
4(1068 1488 1489 1069)
4(1050 1070 1490 1470)
4(1069 1489 1490 1070)
4(1051 1071 1491 1471)
4(1070 1490 1491 1071)
4(1052 1072 1492 1472)
4(1071 1491 1492 1072)
4(1053 1073 1493 1473)
4(1072 1492 1493 1073)
4(1054 1074 1494 1474)
4(1073 1493 1494 1074)
4(1055 1075 1495 1475)
4(1074 1494 1495 1075)
4(1056 1076 1496 1476)
4(1075 1495 1496 1076)
4(1057 1077 1497 1477)
4(1076 1496 1497 1077)
4(1058 1078 1498 1478)
4(1077 1497 1498 1078)
4(1059 1079 1499 1479)
4(1078 1498 1499 1079)
4(1060 1080 1500 1480)
4(1079 1499 1500 1080)
4(1080 1500 1501 1081)
4(1062 1082 1502 1482)
4(571 781 1502 1082)
4(1063 1083 1503 1483)
4(1082 1502 1503 1083)
4(1064 1084 1504 1484)
4(1083 1503 1504 1084)
4(1065 1085 1505 1485)
4(1084 1504 1505 1085)
4(1066 1086 1506 1486)
4(1085 1505 1506 1086)
4(1067 1087 1507 1487)
4(1086 1506 1507 1087)
4(1068 1088 1508 1488)
4(1087 1507 1508 1088)
4(1069 1089 1509 1489)
4(1088 1508 1509 1089)
4(1070 1090 1510 1490)
4(1089 1509 1510 1090)
4(1071 1091 1511 1491)
4(1090 1510 1511 1091)
4(1072 1092 1512 1492)
4(1091 1511 1512 1092)
4(1073 1093 1513 1493)
4(1092 1512 1513 1093)
4(1074 1094 1514 1494)
4(1093 1513 1514 1094)
4(1075 1095 1515 1495)
4(1094 1514 1515 1095)
4(1076 1096 1516 1496)
4(1095 1515 1516 1096)
4(1077 1097 1517 1497)
4(1096 1516 1517 1097)
4(1078 1098 1518 1498)
4(1097 1517 1518 1098)
4(1079 1099 1519 1499)
4(1098 1518 1519 1099)
4(1080 1100 1520 1500)
4(1099 1519 1520 1100)
4(1100 1520 1521 1101)
4(1082 1102 1522 1502)
4(581 791 1522 1102)
4(1083 1103 1523 1503)
4(1102 1522 1523 1103)
4(1084 1104 1524 1504)
4(1103 1523 1524 1104)
4(1085 1105 1525 1505)
4(1104 1524 1525 1105)
4(1086 1106 1526 1506)
4(1105 1525 1526 1106)
4(1087 1107 1527 1507)
4(1106 1526 1527 1107)
4(1088 1108 1528 1508)
4(1107 1527 1528 1108)
4(1089 1109 1529 1509)
4(1108 1528 1529 1109)
4(1090 1110 1530 1510)
4(1109 1529 1530 1110)
4(1091 1111 1531 1511)
4(1110 1530 1531 1111)
4(1092 1112 1532 1512)
4(1111 1531 1532 1112)
4(1093 1113 1533 1513)
4(1112 1532 1533 1113)
4(1094 1114 1534 1514)
4(1113 1533 1534 1114)
4(1095 1115 1535 1515)
4(1114 1534 1535 1115)
4(1096 1116 1536 1516)
4(1115 1535 1536 1116)
4(1097 1117 1537 1517)
4(1116 1536 1537 1117)
4(1098 1118 1538 1518)
4(1117 1537 1538 1118)
4(1099 1119 1539 1519)
4(1118 1538 1539 1119)
4(1100 1120 1540 1520)
4(1119 1539 1540 1120)
4(1120 1540 1541 1121)
4(1102 1122 1542 1522)
4(591 801 1542 1122)
4(1103 1123 1543 1523)
4(1122 1542 1543 1123)
4(1104 1124 1544 1524)
4(1123 1543 1544 1124)
4(1105 1125 1545 1525)
4(1124 1544 1545 1125)
4(1106 1126 1546 1526)
4(1125 1545 1546 1126)
4(1107 1127 1547 1527)
4(1126 1546 1547 1127)
4(1108 1128 1548 1528)
4(1127 1547 1548 1128)
4(1109 1129 1549 1529)
4(1128 1548 1549 1129)
4(1110 1130 1550 1530)
4(1129 1549 1550 1130)
4(1111 1131 1551 1531)
4(1130 1550 1551 1131)
4(1112 1132 1552 1532)
4(1131 1551 1552 1132)
4(1113 1133 1553 1533)
4(1132 1552 1553 1133)
4(1114 1134 1554 1534)
4(1133 1553 1554 1134)
4(1115 1135 1555 1535)
4(1134 1554 1555 1135)
4(1116 1136 1556 1536)
4(1135 1555 1556 1136)
4(1117 1137 1557 1537)
4(1136 1556 1557 1137)
4(1118 1138 1558 1538)
4(1137 1557 1558 1138)
4(1119 1139 1559 1539)
4(1138 1558 1559 1139)
4(1120 1140 1560 1540)
4(1139 1559 1560 1140)
4(1140 1560 1561 1141)
4(1122 1142 1562 1542)
4(601 811 1562 1142)
4(1123 1143 1563 1543)
4(1142 1562 1563 1143)
4(1124 1144 1564 1544)
4(1143 1563 1564 1144)
4(1125 1145 1565 1545)
4(1144 1564 1565 1145)
4(1126 1146 1566 1546)
4(1145 1565 1566 1146)
4(1127 1147 1567 1547)
4(1146 1566 1567 1147)
4(1128 1148 1568 1548)
4(1147 1567 1568 1148)
4(1129 1149 1569 1549)
4(1148 1568 1569 1149)
4(1130 1150 1570 1550)
4(1149 1569 1570 1150)
4(1131 1151 1571 1551)
4(1150 1570 1571 1151)
4(1132 1152 1572 1552)
4(1151 1571 1572 1152)
4(1133 1153 1573 1553)
4(1152 1572 1573 1153)
4(1134 1154 1574 1554)
4(1153 1573 1574 1154)
4(1135 1155 1575 1555)
4(1154 1574 1575 1155)
4(1136 1156 1576 1556)
4(1155 1575 1576 1156)
4(1137 1157 1577 1557)
4(1156 1576 1577 1157)
4(1138 1158 1578 1558)
4(1157 1577 1578 1158)
4(1139 1159 1579 1559)
4(1158 1578 1579 1159)
4(1140 1160 1580 1560)
4(1159 1579 1580 1160)
4(1160 1580 1581 1161)
4(1142 1162 1582 1562)
4(611 821 1582 1162)
4(1143 1163 1583 1563)
4(1162 1582 1583 1163)
4(1144 1164 1584 1564)
4(1163 1583 1584 1164)
4(1145 1165 1585 1565)
4(1164 1584 1585 1165)
4(1146 1166 1586 1566)
4(1165 1585 1586 1166)
4(1147 1167 1587 1567)
4(1166 1586 1587 1167)
4(1148 1168 1588 1568)
4(1167 1587 1588 1168)
4(1149 1169 1589 1569)
4(1168 1588 1589 1169)
4(1150 1170 1590 1570)
4(1169 1589 1590 1170)
4(1151 1171 1591 1571)
4(1170 1590 1591 1171)
4(1152 1172 1592 1572)
4(1171 1591 1592 1172)
4(1153 1173 1593 1573)
4(1172 1592 1593 1173)
4(1154 1174 1594 1574)
4(1173 1593 1594 1174)
4(1155 1175 1595 1575)
4(1174 1594 1595 1175)
4(1156 1176 1596 1576)
4(1175 1595 1596 1176)
4(1157 1177 1597 1577)
4(1176 1596 1597 1177)
4(1158 1178 1598 1578)
4(1177 1597 1598 1178)
4(1159 1179 1599 1579)
4(1178 1598 1599 1179)
4(1160 1180 1600 1580)
4(1179 1599 1600 1180)
4(1180 1600 1601 1181)
4(1162 1182 1602 1582)
4(621 831 1602 1182)
4(1163 1183 1603 1583)
4(1182 1602 1603 1183)
4(1164 1184 1604 1584)
4(1183 1603 1604 1184)
4(1165 1185 1605 1585)
4(1184 1604 1605 1185)
4(1166 1186 1606 1586)
4(1185 1605 1606 1186)
4(1167 1187 1607 1587)
4(1186 1606 1607 1187)
4(1168 1188 1608 1588)
4(1187 1607 1608 1188)
4(1169 1189 1609 1589)
4(1188 1608 1609 1189)
4(1170 1190 1610 1590)
4(1189 1609 1610 1190)
4(1171 1191 1611 1591)
4(1190 1610 1611 1191)
4(1172 1192 1612 1592)
4(1191 1611 1612 1192)
4(1173 1193 1613 1593)
4(1192 1612 1613 1193)
4(1174 1194 1614 1594)
4(1193 1613 1614 1194)
4(1175 1195 1615 1595)
4(1194 1614 1615 1195)
4(1176 1196 1616 1596)
4(1195 1615 1616 1196)
4(1177 1197 1617 1597)
4(1196 1616 1617 1197)
4(1178 1198 1618 1598)
4(1197 1617 1618 1198)
4(1179 1199 1619 1599)
4(1198 1618 1619 1199)
4(1180 1200 1620 1600)
4(1199 1619 1620 1200)
4(1200 1620 1621 1201)
4(1182 1202 1622 1602)
4(631 841 1622 1202)
4(1183 1203 1623 1603)
4(1202 1622 1623 1203)
4(1184 1204 1624 1604)
4(1203 1623 1624 1204)
4(1185 1205 1625 1605)
4(1204 1624 1625 1205)
4(1186 1206 1626 1606)
4(1205 1625 1626 1206)
4(1187 1207 1627 1607)
4(1206 1626 1627 1207)
4(1188 1208 1628 1608)
4(1207 1627 1628 1208)
4(1189 1209 1629 1609)
4(1208 1628 1629 1209)
4(1190 1210 1630 1610)
4(1209 1629 1630 1210)
4(1191 1211 1631 1611)
4(1210 1630 1631 1211)
4(1192 1212 1632 1612)
4(1211 1631 1632 1212)
4(1193 1213 1633 1613)
4(1212 1632 1633 1213)
4(1194 1214 1634 1614)
4(1213 1633 1634 1214)
4(1195 1215 1635 1615)
4(1214 1634 1635 1215)
4(1196 1216 1636 1616)
4(1215 1635 1636 1216)
4(1197 1217 1637 1617)
4(1216 1636 1637 1217)
4(1198 1218 1638 1618)
4(1217 1637 1638 1218)
4(1199 1219 1639 1619)
4(1218 1638 1639 1219)
4(1200 1220 1640 1620)
4(1219 1639 1640 1220)
4(1220 1640 1641 1221)
4(1202 1222 1642 1622)
4(641 851 1642 1222)
4(1203 1223 1643 1623)
4(1222 1642 1643 1223)
4(1204 1224 1644 1624)
4(1223 1643 1644 1224)
4(1205 1225 1645 1625)
4(1224 1644 1645 1225)
4(1206 1226 1646 1626)
4(1225 1645 1646 1226)
4(1207 1227 1647 1627)
4(1226 1646 1647 1227)
4(1208 1228 1648 1628)
4(1227 1647 1648 1228)
4(1209 1229 1649 1629)
4(1228 1648 1649 1229)
4(1210 1230 1650 1630)
4(1229 1649 1650 1230)
4(1211 1231 1651 1631)
4(1230 1650 1651 1231)
4(1212 1232 1652 1632)
4(1231 1651 1652 1232)
4(1213 1233 1653 1633)
4(1232 1652 1653 1233)
4(1214 1234 1654 1634)
4(1233 1653 1654 1234)
4(1215 1235 1655 1635)
4(1234 1654 1655 1235)
4(1216 1236 1656 1636)
4(1235 1655 1656 1236)
4(1217 1237 1657 1637)
4(1236 1656 1657 1237)
4(1218 1238 1658 1638)
4(1237 1657 1658 1238)
4(1219 1239 1659 1639)
4(1238 1658 1659 1239)
4(1220 1240 1660 1640)
4(1239 1659 1660 1240)
4(1240 1660 1661 1241)
4(1222 1242 1662 1642)
4(651 861 1662 1242)
4(1223 1243 1663 1643)
4(1242 1662 1663 1243)
4(1224 1244 1664 1644)
4(1243 1663 1664 1244)
4(1225 1245 1665 1645)
4(1244 1664 1665 1245)
4(1226 1246 1666 1646)
4(1245 1665 1666 1246)
4(1227 1247 1667 1647)
4(1246 1666 1667 1247)
4(1228 1248 1668 1648)
4(1247 1667 1668 1248)
4(1229 1249 1669 1649)
4(1248 1668 1669 1249)
4(1230 1250 1670 1650)
4(1249 1669 1670 1250)
4(1231 1251 1671 1651)
4(1250 1670 1671 1251)
4(1232 1252 1672 1652)
4(1251 1671 1672 1252)
4(1233 1253 1673 1653)
4(1252 1672 1673 1253)
4(1234 1254 1674 1654)
4(1253 1673 1674 1254)
4(1235 1255 1675 1655)
4(1254 1674 1675 1255)
4(1236 1256 1676 1656)
4(1255 1675 1676 1256)
4(1237 1257 1677 1657)
4(1256 1676 1677 1257)
4(1238 1258 1678 1658)
4(1257 1677 1678 1258)
4(1239 1259 1679 1659)
4(1258 1678 1679 1259)
4(1240 1260 1680 1660)
4(1259 1679 1680 1260)
4(1260 1680 1681 1261)
4(1242 1262 1682 1662)
4(661 871 1682 1262)
4(1243 1263 1683 1663)
4(1262 1682 1683 1263)
4(1244 1264 1684 1664)
4(1263 1683 1684 1264)
4(1245 1265 1685 1665)
4(1264 1684 1685 1265)
4(1246 1266 1686 1666)
4(1265 1685 1686 1266)
4(1247 1267 1687 1667)
4(1266 1686 1687 1267)
4(1248 1268 1688 1668)
4(1267 1687 1688 1268)
4(1249 1269 1689 1669)
4(1268 1688 1689 1269)
4(1250 1270 1690 1670)
4(1269 1689 1690 1270)
4(1251 1271 1691 1671)
4(1270 1690 1691 1271)
4(1252 1272 1692 1672)
4(1271 1691 1692 1272)
4(1253 1273 1693 1673)
4(1272 1692 1693 1273)
4(1254 1274 1694 1674)
4(1273 1693 1694 1274)
4(1255 1275 1695 1675)
4(1274 1694 1695 1275)
4(1256 1276 1696 1676)
4(1275 1695 1696 1276)
4(1257 1277 1697 1677)
4(1276 1696 1697 1277)
4(1258 1278 1698 1678)
4(1277 1697 1698 1278)
4(1259 1279 1699 1679)
4(1278 1698 1699 1279)
4(1260 1280 1700 1680)
4(1279 1699 1700 1280)
4(1280 1700 1701 1281)
4(1262 1282 1702 1682)
4(1263 1283 1703 1683)
4(1264 1284 1704 1684)
4(1265 1285 1705 1685)
4(1266 1286 1706 1686)
4(1267 1287 1707 1687)
4(1268 1288 1708 1688)
4(1269 1289 1709 1689)
4(1270 1290 1710 1690)
4(1271 1291 1711 1691)
4(1272 1292 1712 1692)
4(1273 1293 1713 1693)
4(1274 1294 1714 1694)
4(1275 1295 1715 1695)
4(1276 1296 1716 1696)
4(1277 1297 1717 1697)
4(1278 1298 1718 1698)
4(1279 1299 1719 1699)
4(1280 1300 1720 1700)
4(0 1 232 231)
4(1 2 233 232)
4(2 3 234 233)
4(3 4 235 234)
4(4 5 236 235)
4(5 6 237 236)
4(6 7 238 237)
4(7 8 239 238)
4(8 9 240 239)
4(9 10 241 240)
4(10 462 672 241)
4(462 463 673 672)
4(463 464 674 673)
4(464 465 675 674)
4(465 466 676 675)
4(466 467 677 676)
4(467 468 678 677)
4(468 469 679 678)
4(469 470 680 679)
4(470 471 681 680)
4(471 882 1302 681)
4(882 883 1303 1302)
4(883 884 1304 1303)
4(884 885 1305 1304)
4(885 886 1306 1305)
4(886 887 1307 1306)
4(887 888 1308 1307)
4(888 889 1309 1308)
4(889 890 1310 1309)
4(890 891 1311 1310)
4(891 892 1312 1311)
4(892 893 1313 1312)
4(893 894 1314 1313)
4(894 895 1315 1314)
4(895 896 1316 1315)
4(896 897 1317 1316)
4(897 898 1318 1317)
4(898 899 1319 1318)
4(899 900 1320 1319)
4(900 901 1321 1320)
4(0 11 12 1)
4(11 22 23 12)
4(22 33 34 23)
4(33 44 45 34)
4(44 55 56 45)
4(55 66 67 56)
4(66 77 78 67)
4(77 88 89 78)
4(88 99 100 89)
4(99 110 111 100)
4(110 121 122 111)
4(121 132 133 122)
4(132 143 144 133)
4(143 154 155 144)
4(154 165 166 155)
4(165 176 177 166)
4(176 187 188 177)
4(187 198 199 188)
4(198 209 210 199)
4(209 220 221 210)
4(1 12 13 2)
4(12 23 24 13)
4(23 34 35 24)
4(34 45 46 35)
4(45 56 57 46)
4(56 67 68 57)
4(67 78 79 68)
4(78 89 90 79)
4(89 100 101 90)
4(100 111 112 101)
4(111 122 123 112)
4(122 133 134 123)
4(133 144 145 134)
4(144 155 156 145)
4(155 166 167 156)
4(166 177 178 167)
4(177 188 189 178)
4(188 199 200 189)
4(199 210 211 200)
4(210 221 222 211)
4(2 13 14 3)
4(13 24 25 14)
4(24 35 36 25)
4(35 46 47 36)
4(46 57 58 47)
4(57 68 69 58)
4(68 79 80 69)
4(79 90 91 80)
4(90 101 102 91)
4(101 112 113 102)
4(112 123 124 113)
4(123 134 135 124)
4(134 145 146 135)
4(145 156 157 146)
4(156 167 168 157)
4(167 178 179 168)
4(178 189 190 179)
4(189 200 201 190)
4(200 211 212 201)
4(211 222 223 212)
4(3 14 15 4)
4(14 25 26 15)
4(25 36 37 26)
4(36 47 48 37)
4(47 58 59 48)
4(58 69 70 59)
4(69 80 81 70)
4(80 91 92 81)
4(91 102 103 92)
4(102 113 114 103)
4(113 124 125 114)
4(124 135 136 125)
4(135 146 147 136)
4(146 157 158 147)
4(157 168 169 158)
4(168 179 180 169)
4(179 190 191 180)
4(190 201 202 191)
4(201 212 213 202)
4(212 223 224 213)
4(4 15 16 5)
4(15 26 27 16)
4(26 37 38 27)
4(37 48 49 38)
4(48 59 60 49)
4(59 70 71 60)
4(70 81 82 71)
4(81 92 93 82)
4(92 103 104 93)
4(103 114 115 104)
4(114 125 126 115)
4(125 136 137 126)
4(136 147 148 137)
4(147 158 159 148)
4(158 169 170 159)
4(169 180 181 170)
4(180 191 192 181)
4(191 202 203 192)
4(202 213 214 203)
4(213 224 225 214)
4(5 16 17 6)
4(16 27 28 17)
4(27 38 39 28)
4(38 49 50 39)
4(49 60 61 50)
4(60 71 72 61)
4(71 82 83 72)
4(82 93 94 83)
4(93 104 105 94)
4(104 115 116 105)
4(115 126 127 116)
4(126 137 138 127)
4(137 148 149 138)
4(148 159 160 149)
4(159 170 171 160)
4(170 181 182 171)
4(181 192 193 182)
4(192 203 204 193)
4(203 214 215 204)
4(214 225 226 215)
4(6 17 18 7)
4(17 28 29 18)
4(28 39 40 29)
4(39 50 51 40)
4(50 61 62 51)
4(61 72 73 62)
4(72 83 84 73)
4(83 94 95 84)
4(94 105 106 95)
4(105 116 117 106)
4(116 127 128 117)
4(127 138 139 128)
4(138 149 150 139)
4(149 160 161 150)
4(160 171 172 161)
4(171 182 183 172)
4(182 193 194 183)
4(193 204 205 194)
4(204 215 216 205)
4(215 226 227 216)
4(7 18 19 8)
4(18 29 30 19)
4(29 40 41 30)
4(40 51 52 41)
4(51 62 63 52)
4(62 73 74 63)
4(73 84 85 74)
4(84 95 96 85)
4(95 106 107 96)
4(106 117 118 107)
4(117 128 129 118)
4(128 139 140 129)
4(139 150 151 140)
4(150 161 162 151)
4(161 172 173 162)
4(172 183 184 173)
4(183 194 195 184)
4(194 205 206 195)
4(205 216 217 206)
4(216 227 228 217)
4(8 19 20 9)
4(19 30 31 20)
4(30 41 42 31)
4(41 52 53 42)
4(52 63 64 53)
4(63 74 75 64)
4(74 85 86 75)
4(85 96 97 86)
4(96 107 108 97)
4(107 118 119 108)
4(118 129 130 119)
4(129 140 141 130)
4(140 151 152 141)
4(151 162 163 152)
4(162 173 174 163)
4(173 184 185 174)
4(184 195 196 185)
4(195 206 207 196)
4(206 217 218 207)
4(217 228 229 218)
4(9 20 21 10)
4(20 31 32 21)
4(31 42 43 32)
4(42 53 54 43)
4(53 64 65 54)
4(64 75 76 65)
4(75 86 87 76)
4(86 97 98 87)
4(97 108 109 98)
4(108 119 120 109)
4(119 130 131 120)
4(130 141 142 131)
4(141 152 153 142)
4(152 163 164 153)
4(163 174 175 164)
4(174 185 186 175)
4(185 196 197 186)
4(196 207 208 197)
4(207 218 219 208)
4(218 229 230 219)
4(10 21 472 462)
4(21 32 482 472)
4(32 43 492 482)
4(43 54 502 492)
4(54 65 512 502)
4(65 76 522 512)
4(76 87 532 522)
4(87 98 542 532)
4(98 109 552 542)
4(109 120 562 552)
4(120 131 572 562)
4(131 142 582 572)
4(142 153 592 582)
4(153 164 602 592)
4(164 175 612 602)
4(175 186 622 612)
4(186 197 632 622)
4(197 208 642 632)
4(208 219 652 642)
4(219 230 662 652)
4(462 472 473 463)
4(472 482 483 473)
4(482 492 493 483)
4(492 502 503 493)
4(502 512 513 503)
4(512 522 523 513)
4(522 532 533 523)
4(532 542 543 533)
4(542 552 553 543)
4(552 562 563 553)
4(562 572 573 563)
4(572 582 583 573)
4(582 592 593 583)
4(592 602 603 593)
4(602 612 613 603)
4(612 622 623 613)
4(622 632 633 623)
4(632 642 643 633)
4(642 652 653 643)
4(652 662 663 653)
4(463 473 474 464)
4(473 483 484 474)
4(483 493 494 484)
4(493 503 504 494)
4(503 513 514 504)
4(513 523 524 514)
4(523 533 534 524)
4(533 543 544 534)
4(543 553 554 544)
4(553 563 564 554)
4(563 573 574 564)
4(573 583 584 574)
4(583 593 594 584)
4(593 603 604 594)
4(603 613 614 604)
4(613 623 624 614)
4(623 633 634 624)
4(633 643 644 634)
4(643 653 654 644)
4(653 663 664 654)
4(464 474 475 465)
4(474 484 485 475)
4(484 494 495 485)
4(494 504 505 495)
4(504 514 515 505)
4(514 524 525 515)
4(524 534 535 525)
4(534 544 545 535)
4(544 554 555 545)
4(554 564 565 555)
4(564 574 575 565)
4(574 584 585 575)
4(584 594 595 585)
4(594 604 605 595)
4(604 614 615 605)
4(614 624 625 615)
4(624 634 635 625)
4(634 644 645 635)
4(644 654 655 645)
4(654 664 665 655)
4(465 475 476 466)
4(475 485 486 476)
4(485 495 496 486)
4(495 505 506 496)
4(505 515 516 506)
4(515 525 526 516)
4(525 535 536 526)
4(535 545 546 536)
4(545 555 556 546)
4(555 565 566 556)
4(565 575 576 566)
4(575 585 586 576)
4(585 595 596 586)
4(595 605 606 596)
4(605 615 616 606)
4(615 625 626 616)
4(625 635 636 626)
4(635 645 646 636)
4(645 655 656 646)
4(655 665 666 656)
4(466 476 477 467)
4(476 486 487 477)
4(486 496 497 487)
4(496 506 507 497)
4(506 516 517 507)
4(516 526 527 517)
4(526 536 537 527)
4(536 546 547 537)
4(546 556 557 547)
4(556 566 567 557)
4(566 576 577 567)
4(576 586 587 577)
4(586 596 597 587)
4(596 606 607 597)
4(606 616 617 607)
4(616 626 627 617)
4(626 636 637 627)
4(636 646 647 637)
4(646 656 657 647)
4(656 666 667 657)
4(467 477 478 468)
4(477 487 488 478)
4(487 497 498 488)
4(497 507 508 498)
4(507 517 518 508)
4(517 527 528 518)
4(527 537 538 528)
4(537 547 548 538)
4(547 557 558 548)
4(557 567 568 558)
4(567 577 578 568)
4(577 587 588 578)
4(587 597 598 588)
4(597 607 608 598)
4(607 617 618 608)
4(617 627 628 618)
4(627 637 638 628)
4(637 647 648 638)
4(647 657 658 648)
4(657 667 668 658)
4(468 478 479 469)
4(478 488 489 479)
4(488 498 499 489)
4(498 508 509 499)
4(508 518 519 509)
4(518 528 529 519)
4(528 538 539 529)
4(538 548 549 539)
4(548 558 559 549)
4(558 568 569 559)
4(568 578 579 569)
4(578 588 589 579)
4(588 598 599 589)
4(598 608 609 599)
4(608 618 619 609)
4(618 628 629 619)
4(628 638 639 629)
4(638 648 649 639)
4(648 658 659 649)
4(658 668 669 659)
4(469 479 480 470)
4(479 489 490 480)
4(489 499 500 490)
4(499 509 510 500)
4(509 519 520 510)
4(519 529 530 520)
4(529 539 540 530)
4(539 549 550 540)
4(549 559 560 550)
4(559 569 570 560)
4(569 579 580 570)
4(579 589 590 580)
4(589 599 600 590)
4(599 609 610 600)
4(609 619 620 610)
4(619 629 630 620)
4(629 639 640 630)
4(639 649 650 640)
4(649 659 660 650)
4(659 669 670 660)
4(470 480 481 471)
4(480 490 491 481)
4(490 500 501 491)
4(500 510 511 501)
4(510 520 521 511)
4(520 530 531 521)
4(530 540 541 531)
4(540 550 551 541)
4(550 560 561 551)
4(560 570 571 561)
4(570 580 581 571)
4(580 590 591 581)
4(590 600 601 591)
4(600 610 611 601)
4(610 620 621 611)
4(620 630 631 621)
4(630 640 641 631)
4(640 650 651 641)
4(650 660 661 651)
4(660 670 671 661)
4(471 481 902 882)
4(481 491 922 902)
4(491 501 942 922)
4(501 511 962 942)
4(511 521 982 962)
4(521 531 1002 982)
4(531 541 1022 1002)
4(541 551 1042 1022)
4(551 561 1062 1042)
4(561 571 1082 1062)
4(571 581 1102 1082)
4(581 591 1122 1102)
4(591 601 1142 1122)
4(601 611 1162 1142)
4(611 621 1182 1162)
4(621 631 1202 1182)
4(631 641 1222 1202)
4(641 651 1242 1222)
4(651 661 1262 1242)
4(661 671 1282 1262)
4(882 902 903 883)
4(902 922 923 903)
4(922 942 943 923)
4(942 962 963 943)
4(962 982 983 963)
4(982 1002 1003 983)
4(1002 1022 1023 1003)
4(1022 1042 1043 1023)
4(1042 1062 1063 1043)
4(1062 1082 1083 1063)
4(1082 1102 1103 1083)
4(1102 1122 1123 1103)
4(1122 1142 1143 1123)
4(1142 1162 1163 1143)
4(1162 1182 1183 1163)
4(1182 1202 1203 1183)
4(1202 1222 1223 1203)
4(1222 1242 1243 1223)
4(1242 1262 1263 1243)
4(1262 1282 1283 1263)
4(883 903 904 884)
4(903 923 924 904)
4(923 943 944 924)
4(943 963 964 944)
4(963 983 984 964)
4(983 1003 1004 984)
4(1003 1023 1024 1004)
4(1023 1043 1044 1024)
4(1043 1063 1064 1044)
4(1063 1083 1084 1064)
4(1083 1103 1104 1084)
4(1103 1123 1124 1104)
4(1123 1143 1144 1124)
4(1143 1163 1164 1144)
4(1163 1183 1184 1164)
4(1183 1203 1204 1184)
4(1203 1223 1224 1204)
4(1223 1243 1244 1224)
4(1243 1263 1264 1244)
4(1263 1283 1284 1264)
4(884 904 905 885)
4(904 924 925 905)
4(924 944 945 925)
4(944 964 965 945)
4(964 984 985 965)
4(984 1004 1005 985)
4(1004 1024 1025 1005)
4(1024 1044 1045 1025)
4(1044 1064 1065 1045)
4(1064 1084 1085 1065)
4(1084 1104 1105 1085)
4(1104 1124 1125 1105)
4(1124 1144 1145 1125)
4(1144 1164 1165 1145)
4(1164 1184 1185 1165)
4(1184 1204 1205 1185)
4(1204 1224 1225 1205)
4(1224 1244 1245 1225)
4(1244 1264 1265 1245)
4(1264 1284 1285 1265)
4(885 905 906 886)
4(905 925 926 906)
4(925 945 946 926)
4(945 965 966 946)
4(965 985 986 966)
4(985 1005 1006 986)
4(1005 1025 1026 1006)
4(1025 1045 1046 1026)
4(1045 1065 1066 1046)
4(1065 1085 1086 1066)
4(1085 1105 1106 1086)
4(1105 1125 1126 1106)
4(1125 1145 1146 1126)
4(1145 1165 1166 1146)
4(1165 1185 1186 1166)
4(1185 1205 1206 1186)
4(1205 1225 1226 1206)
4(1225 1245 1246 1226)
4(1245 1265 1266 1246)
4(1265 1285 1286 1266)
4(886 906 907 887)
4(906 926 927 907)
4(926 946 947 927)
4(946 966 967 947)
4(966 986 987 967)
4(986 1006 1007 987)
4(1006 1026 1027 1007)
4(1026 1046 1047 1027)
4(1046 1066 1067 1047)
4(1066 1086 1087 1067)
4(1086 1106 1107 1087)
4(1106 1126 1127 1107)
4(1126 1146 1147 1127)
4(1146 1166 1167 1147)
4(1166 1186 1187 1167)
4(1186 1206 1207 1187)
4(1206 1226 1227 1207)
4(1226 1246 1247 1227)
4(1246 1266 1267 1247)
4(1266 1286 1287 1267)
4(887 907 908 888)
4(907 927 928 908)
4(927 947 948 928)
4(947 967 968 948)
4(967 987 988 968)
4(987 1007 1008 988)
4(1007 1027 1028 1008)
4(1027 1047 1048 1028)
4(1047 1067 1068 1048)
4(1067 1087 1088 1068)
4(1087 1107 1108 1088)
4(1107 1127 1128 1108)
4(1127 1147 1148 1128)
4(1147 1167 1168 1148)
4(1167 1187 1188 1168)
4(1187 1207 1208 1188)
4(1207 1227 1228 1208)
4(1227 1247 1248 1228)
4(1247 1267 1268 1248)
4(1267 1287 1288 1268)
4(888 908 909 889)
4(908 928 929 909)
4(928 948 949 929)
4(948 968 969 949)
4(968 988 989 969)
4(988 1008 1009 989)
4(1008 1028 1029 1009)
4(1028 1048 1049 1029)
4(1048 1068 1069 1049)
4(1068 1088 1089 1069)
4(1088 1108 1109 1089)
4(1108 1128 1129 1109)
4(1128 1148 1149 1129)
4(1148 1168 1169 1149)
4(1168 1188 1189 1169)
4(1188 1208 1209 1189)
4(1208 1228 1229 1209)
4(1228 1248 1249 1229)
4(1248 1268 1269 1249)
4(1268 1288 1289 1269)
4(889 909 910 890)
4(909 929 930 910)
4(929 949 950 930)
4(949 969 970 950)
4(969 989 990 970)
4(989 1009 1010 990)
4(1009 1029 1030 1010)
4(1029 1049 1050 1030)
4(1049 1069 1070 1050)
4(1069 1089 1090 1070)
4(1089 1109 1110 1090)
4(1109 1129 1130 1110)
4(1129 1149 1150 1130)
4(1149 1169 1170 1150)
4(1169 1189 1190 1170)
4(1189 1209 1210 1190)
4(1209 1229 1230 1210)
4(1229 1249 1250 1230)
4(1249 1269 1270 1250)
4(1269 1289 1290 1270)
4(890 910 911 891)
4(910 930 931 911)
4(930 950 951 931)
4(950 970 971 951)
4(970 990 991 971)
4(990 1010 1011 991)
4(1010 1030 1031 1011)
4(1030 1050 1051 1031)
4(1050 1070 1071 1051)
4(1070 1090 1091 1071)
4(1090 1110 1111 1091)
4(1110 1130 1131 1111)
4(1130 1150 1151 1131)
4(1150 1170 1171 1151)
4(1170 1190 1191 1171)
4(1190 1210 1211 1191)
4(1210 1230 1231 1211)
4(1230 1250 1251 1231)
4(1250 1270 1271 1251)
4(1270 1290 1291 1271)
4(891 911 912 892)
4(911 931 932 912)
4(931 951 952 932)
4(951 971 972 952)
4(971 991 992 972)
4(991 1011 1012 992)
4(1011 1031 1032 1012)
4(1031 1051 1052 1032)
4(1051 1071 1072 1052)
4(1071 1091 1092 1072)
4(1091 1111 1112 1092)
4(1111 1131 1132 1112)
4(1131 1151 1152 1132)
4(1151 1171 1172 1152)
4(1171 1191 1192 1172)
4(1191 1211 1212 1192)
4(1211 1231 1232 1212)
4(1231 1251 1252 1232)
4(1251 1271 1272 1252)
4(1271 1291 1292 1272)
4(892 912 913 893)
4(912 932 933 913)
4(932 952 953 933)
4(952 972 973 953)
4(972 992 993 973)
4(992 1012 1013 993)
4(1012 1032 1033 1013)
4(1032 1052 1053 1033)
4(1052 1072 1073 1053)
4(1072 1092 1093 1073)
4(1092 1112 1113 1093)
4(1112 1132 1133 1113)
4(1132 1152 1153 1133)
4(1152 1172 1173 1153)
4(1172 1192 1193 1173)
4(1192 1212 1213 1193)
4(1212 1232 1233 1213)
4(1232 1252 1253 1233)
4(1252 1272 1273 1253)
4(1272 1292 1293 1273)
4(893 913 914 894)
4(913 933 934 914)
4(933 953 954 934)
4(953 973 974 954)
4(973 993 994 974)
4(993 1013 1014 994)
4(1013 1033 1034 1014)
4(1033 1053 1054 1034)
4(1053 1073 1074 1054)
4(1073 1093 1094 1074)
4(1093 1113 1114 1094)
4(1113 1133 1134 1114)
4(1133 1153 1154 1134)
4(1153 1173 1174 1154)
4(1173 1193 1194 1174)
4(1193 1213 1214 1194)
4(1213 1233 1234 1214)
4(1233 1253 1254 1234)
4(1253 1273 1274 1254)
4(1273 1293 1294 1274)
4(894 914 915 895)
4(914 934 935 915)
4(934 954 955 935)
4(954 974 975 955)
4(974 994 995 975)
4(994 1014 1015 995)
4(1014 1034 1035 1015)
4(1034 1054 1055 1035)
4(1054 1074 1075 1055)
4(1074 1094 1095 1075)
4(1094 1114 1115 1095)
4(1114 1134 1135 1115)
4(1134 1154 1155 1135)
4(1154 1174 1175 1155)
4(1174 1194 1195 1175)
4(1194 1214 1215 1195)
4(1214 1234 1235 1215)
4(1234 1254 1255 1235)
4(1254 1274 1275 1255)
4(1274 1294 1295 1275)
4(895 915 916 896)
4(915 935 936 916)
4(935 955 956 936)
4(955 975 976 956)
4(975 995 996 976)
4(995 1015 1016 996)
4(1015 1035 1036 1016)
4(1035 1055 1056 1036)
4(1055 1075 1076 1056)
4(1075 1095 1096 1076)
4(1095 1115 1116 1096)
4(1115 1135 1136 1116)
4(1135 1155 1156 1136)
4(1155 1175 1176 1156)
4(1175 1195 1196 1176)
4(1195 1215 1216 1196)
4(1215 1235 1236 1216)
4(1235 1255 1256 1236)
4(1255 1275 1276 1256)
4(1275 1295 1296 1276)
4(896 916 917 897)
4(916 936 937 917)
4(936 956 957 937)
4(956 976 977 957)
4(976 996 997 977)
4(996 1016 1017 997)
4(1016 1036 1037 1017)
4(1036 1056 1057 1037)
4(1056 1076 1077 1057)
4(1076 1096 1097 1077)
4(1096 1116 1117 1097)
4(1116 1136 1137 1117)
4(1136 1156 1157 1137)
4(1156 1176 1177 1157)
4(1176 1196 1197 1177)
4(1196 1216 1217 1197)
4(1216 1236 1237 1217)
4(1236 1256 1257 1237)
4(1256 1276 1277 1257)
4(1276 1296 1297 1277)
4(897 917 918 898)
4(917 937 938 918)
4(937 957 958 938)
4(957 977 978 958)
4(977 997 998 978)
4(997 1017 1018 998)
4(1017 1037 1038 1018)
4(1037 1057 1058 1038)
4(1057 1077 1078 1058)
4(1077 1097 1098 1078)
4(1097 1117 1118 1098)
4(1117 1137 1138 1118)
4(1137 1157 1158 1138)
4(1157 1177 1178 1158)
4(1177 1197 1198 1178)
4(1197 1217 1218 1198)
4(1217 1237 1238 1218)
4(1237 1257 1258 1238)
4(1257 1277 1278 1258)
4(1277 1297 1298 1278)
4(898 918 919 899)
4(918 938 939 919)
4(938 958 959 939)
4(958 978 979 959)
4(978 998 999 979)
4(998 1018 1019 999)
4(1018 1038 1039 1019)
4(1038 1058 1059 1039)
4(1058 1078 1079 1059)
4(1078 1098 1099 1079)
4(1098 1118 1119 1099)
4(1118 1138 1139 1119)
4(1138 1158 1159 1139)
4(1158 1178 1179 1159)
4(1178 1198 1199 1179)
4(1198 1218 1219 1199)
4(1218 1238 1239 1219)
4(1238 1258 1259 1239)
4(1258 1278 1279 1259)
4(1278 1298 1299 1279)
4(899 919 920 900)
4(919 939 940 920)
4(939 959 960 940)
4(959 979 980 960)
4(979 999 1000 980)
4(999 1019 1020 1000)
4(1019 1039 1040 1020)
4(1039 1059 1060 1040)
4(1059 1079 1080 1060)
4(1079 1099 1100 1080)
4(1099 1119 1120 1100)
4(1119 1139 1140 1120)
4(1139 1159 1160 1140)
4(1159 1179 1180 1160)
4(1179 1199 1200 1180)
4(1199 1219 1220 1200)
4(1219 1239 1240 1220)
4(1239 1259 1260 1240)
4(1259 1279 1280 1260)
4(1279 1299 1300 1280)
4(900 920 921 901)
4(920 940 941 921)
4(940 960 961 941)
4(960 980 981 961)
4(980 1000 1001 981)
4(1000 1020 1021 1001)
4(1020 1040 1041 1021)
4(1040 1060 1061 1041)
4(1060 1080 1081 1061)
4(1080 1100 1101 1081)
4(1100 1120 1121 1101)
4(1120 1140 1141 1121)
4(1140 1160 1161 1141)
4(1160 1180 1181 1161)
4(1180 1200 1201 1181)
4(1200 1220 1221 1201)
4(1220 1240 1241 1221)
4(1240 1260 1261 1241)
4(1260 1280 1281 1261)
4(1280 1300 1301 1281)
4(231 232 243 242)
4(242 243 254 253)
4(253 254 265 264)
4(264 265 276 275)
4(275 276 287 286)
4(286 287 298 297)
4(297 298 309 308)
4(308 309 320 319)
4(319 320 331 330)
4(330 331 342 341)
4(341 342 353 352)
4(352 353 364 363)
4(363 364 375 374)
4(374 375 386 385)
4(385 386 397 396)
4(396 397 408 407)
4(407 408 419 418)
4(418 419 430 429)
4(429 430 441 440)
4(440 441 452 451)
4(232 233 244 243)
4(243 244 255 254)
4(254 255 266 265)
4(265 266 277 276)
4(276 277 288 287)
4(287 288 299 298)
4(298 299 310 309)
4(309 310 321 320)
4(320 321 332 331)
4(331 332 343 342)
4(342 343 354 353)
4(353 354 365 364)
4(364 365 376 375)
4(375 376 387 386)
4(386 387 398 397)
4(397 398 409 408)
4(408 409 420 419)
4(419 420 431 430)
4(430 431 442 441)
4(441 442 453 452)
4(233 234 245 244)
4(244 245 256 255)
4(255 256 267 266)
4(266 267 278 277)
4(277 278 289 288)
4(288 289 300 299)
4(299 300 311 310)
4(310 311 322 321)
4(321 322 333 332)
4(332 333 344 343)
4(343 344 355 354)
4(354 355 366 365)
4(365 366 377 376)
4(376 377 388 387)
4(387 388 399 398)
4(398 399 410 409)
4(409 410 421 420)
4(420 421 432 431)
4(431 432 443 442)
4(442 443 454 453)
4(234 235 246 245)
4(245 246 257 256)
4(256 257 268 267)
4(267 268 279 278)
4(278 279 290 289)
4(289 290 301 300)
4(300 301 312 311)
4(311 312 323 322)
4(322 323 334 333)
4(333 334 345 344)
4(344 345 356 355)
4(355 356 367 366)
4(366 367 378 377)
4(377 378 389 388)
4(388 389 400 399)
4(399 400 411 410)
4(410 411 422 421)
4(421 422 433 432)
4(432 433 444 443)
4(443 444 455 454)
4(235 236 247 246)
4(246 247 258 257)
4(257 258 269 268)
4(268 269 280 279)
4(279 280 291 290)
4(290 291 302 301)
4(301 302 313 312)
4(312 313 324 323)
4(323 324 335 334)
4(334 335 346 345)
4(345 346 357 356)
4(356 357 368 367)
4(367 368 379 378)
4(378 379 390 389)
4(389 390 401 400)
4(400 401 412 411)
4(411 412 423 422)
4(422 423 434 433)
4(433 434 445 444)
4(444 445 456 455)
4(236 237 248 247)
4(247 248 259 258)
4(258 259 270 269)
4(269 270 281 280)
4(280 281 292 291)
4(291 292 303 302)
4(302 303 314 313)
4(313 314 325 324)
4(324 325 336 335)
4(335 336 347 346)
4(346 347 358 357)
4(357 358 369 368)
4(368 369 380 379)
4(379 380 391 390)
4(390 391 402 401)
4(401 402 413 412)
4(412 413 424 423)
4(423 424 435 434)
4(434 435 446 445)
4(445 446 457 456)
4(237 238 249 248)
4(248 249 260 259)
4(259 260 271 270)
4(270 271 282 281)
4(281 282 293 292)
4(292 293 304 303)
4(303 304 315 314)
4(314 315 326 325)
4(325 326 337 336)
4(336 337 348 347)
4(347 348 359 358)
4(358 359 370 369)
4(369 370 381 380)
4(380 381 392 391)
4(391 392 403 402)
4(402 403 414 413)
4(413 414 425 424)
4(424 425 436 435)
4(435 436 447 446)
4(446 447 458 457)
4(238 239 250 249)
4(249 250 261 260)
4(260 261 272 271)
4(271 272 283 282)
4(282 283 294 293)
4(293 294 305 304)
4(304 305 316 315)
4(315 316 327 326)
4(326 327 338 337)
4(337 338 349 348)
4(348 349 360 359)
4(359 360 371 370)
4(370 371 382 381)
4(381 382 393 392)
4(392 393 404 403)
4(403 404 415 414)
4(414 415 426 425)
4(425 426 437 436)
4(436 437 448 447)
4(447 448 459 458)
4(239 240 251 250)
4(250 251 262 261)
4(261 262 273 272)
4(272 273 284 283)
4(283 284 295 294)
4(294 295 306 305)
4(305 306 317 316)
4(316 317 328 327)
4(327 328 339 338)
4(338 339 350 349)
4(349 350 361 360)
4(360 361 372 371)
4(371 372 383 382)
4(382 383 394 393)
4(393 394 405 404)
4(404 405 416 415)
4(415 416 427 426)
4(426 427 438 437)
4(437 438 449 448)
4(448 449 460 459)
4(240 241 252 251)
4(251 252 263 262)
4(262 263 274 273)
4(273 274 285 284)
4(284 285 296 295)
4(295 296 307 306)
4(306 307 318 317)
4(317 318 329 328)
4(328 329 340 339)
4(339 340 351 350)
4(350 351 362 361)
4(361 362 373 372)
4(372 373 384 383)
4(383 384 395 394)
4(394 395 406 405)
4(405 406 417 416)
4(416 417 428 427)
4(427 428 439 438)
4(438 439 450 449)
4(449 450 461 460)
4(241 672 682 252)
4(252 682 692 263)
4(263 692 702 274)
4(274 702 712 285)
4(285 712 722 296)
4(296 722 732 307)
4(307 732 742 318)
4(318 742 752 329)
4(329 752 762 340)
4(340 762 772 351)
4(351 772 782 362)
4(362 782 792 373)
4(373 792 802 384)
4(384 802 812 395)
4(395 812 822 406)
4(406 822 832 417)
4(417 832 842 428)
4(428 842 852 439)
4(439 852 862 450)
4(450 862 872 461)
4(672 673 683 682)
4(682 683 693 692)
4(692 693 703 702)
4(702 703 713 712)
4(712 713 723 722)
4(722 723 733 732)
4(732 733 743 742)
4(742 743 753 752)
4(752 753 763 762)
4(762 763 773 772)
4(772 773 783 782)
4(782 783 793 792)
4(792 793 803 802)
4(802 803 813 812)
4(812 813 823 822)
4(822 823 833 832)
4(832 833 843 842)
4(842 843 853 852)
4(852 853 863 862)
4(862 863 873 872)
4(673 674 684 683)
4(683 684 694 693)
4(693 694 704 703)
4(703 704 714 713)
4(713 714 724 723)
4(723 724 734 733)
4(733 734 744 743)
4(743 744 754 753)
4(753 754 764 763)
4(763 764 774 773)
4(773 774 784 783)
4(783 784 794 793)
4(793 794 804 803)
4(803 804 814 813)
4(813 814 824 823)
4(823 824 834 833)
4(833 834 844 843)
4(843 844 854 853)
4(853 854 864 863)
4(863 864 874 873)
4(674 675 685 684)
4(684 685 695 694)
4(694 695 705 704)
4(704 705 715 714)
4(714 715 725 724)
4(724 725 735 734)
4(734 735 745 744)
4(744 745 755 754)
4(754 755 765 764)
4(764 765 775 774)
4(774 775 785 784)
4(784 785 795 794)
4(794 795 805 804)
4(804 805 815 814)
4(814 815 825 824)
4(824 825 835 834)
4(834 835 845 844)
4(844 845 855 854)
4(854 855 865 864)
4(864 865 875 874)
4(675 676 686 685)
4(685 686 696 695)
4(695 696 706 705)
4(705 706 716 715)
4(715 716 726 725)
4(725 726 736 735)
4(735 736 746 745)
4(745 746 756 755)
4(755 756 766 765)
4(765 766 776 775)
4(775 776 786 785)
4(785 786 796 795)
4(795 796 806 805)
4(805 806 816 815)
4(815 816 826 825)
4(825 826 836 835)
4(835 836 846 845)
4(845 846 856 855)
4(855 856 866 865)
4(865 866 876 875)
4(676 677 687 686)
4(686 687 697 696)
4(696 697 707 706)
4(706 707 717 716)
4(716 717 727 726)
4(726 727 737 736)
4(736 737 747 746)
4(746 747 757 756)
4(756 757 767 766)
4(766 767 777 776)
4(776 777 787 786)
4(786 787 797 796)
4(796 797 807 806)
4(806 807 817 816)
4(816 817 827 826)
4(826 827 837 836)
4(836 837 847 846)
4(846 847 857 856)
4(856 857 867 866)
4(866 867 877 876)
4(677 678 688 687)
4(687 688 698 697)
4(697 698 708 707)
4(707 708 718 717)
4(717 718 728 727)
4(727 728 738 737)
4(737 738 748 747)
4(747 748 758 757)
4(757 758 768 767)
4(767 768 778 777)
4(777 778 788 787)
4(787 788 798 797)
4(797 798 808 807)
4(807 808 818 817)
4(817 818 828 827)
4(827 828 838 837)
4(837 838 848 847)
4(847 848 858 857)
4(857 858 868 867)
4(867 868 878 877)
4(678 679 689 688)
4(688 689 699 698)
4(698 699 709 708)
4(708 709 719 718)
4(718 719 729 728)
4(728 729 739 738)
4(738 739 749 748)
4(748 749 759 758)
4(758 759 769 768)
4(768 769 779 778)
4(778 779 789 788)
4(788 789 799 798)
4(798 799 809 808)
4(808 809 819 818)
4(818 819 829 828)
4(828 829 839 838)
4(838 839 849 848)
4(848 849 859 858)
4(858 859 869 868)
4(868 869 879 878)
4(679 680 690 689)
4(689 690 700 699)
4(699 700 710 709)
4(709 710 720 719)
4(719 720 730 729)
4(729 730 740 739)
4(739 740 750 749)
4(749 750 760 759)
4(759 760 770 769)
4(769 770 780 779)
4(779 780 790 789)
4(789 790 800 799)
4(799 800 810 809)
4(809 810 820 819)
4(819 820 830 829)
4(829 830 840 839)
4(839 840 850 849)
4(849 850 860 859)
4(859 860 870 869)
4(869 870 880 879)
4(680 681 691 690)
4(690 691 701 700)
4(700 701 711 710)
4(710 711 721 720)
4(720 721 731 730)
4(730 731 741 740)
4(740 741 751 750)
4(750 751 761 760)
4(760 761 771 770)
4(770 771 781 780)
4(780 781 791 790)
4(790 791 801 800)
4(800 801 811 810)
4(810 811 821 820)
4(820 821 831 830)
4(830 831 841 840)
4(840 841 851 850)
4(850 851 861 860)
4(860 861 871 870)
4(870 871 881 880)
4(681 1302 1322 691)
4(691 1322 1342 701)
4(701 1342 1362 711)
4(711 1362 1382 721)
4(721 1382 1402 731)
4(731 1402 1422 741)
4(741 1422 1442 751)
4(751 1442 1462 761)
4(761 1462 1482 771)
4(771 1482 1502 781)
4(781 1502 1522 791)
4(791 1522 1542 801)
4(801 1542 1562 811)
4(811 1562 1582 821)
4(821 1582 1602 831)
4(831 1602 1622 841)
4(841 1622 1642 851)
4(851 1642 1662 861)
4(861 1662 1682 871)
4(871 1682 1702 881)
4(1302 1303 1323 1322)
4(1322 1323 1343 1342)
4(1342 1343 1363 1362)
4(1362 1363 1383 1382)
4(1382 1383 1403 1402)
4(1402 1403 1423 1422)
4(1422 1423 1443 1442)
4(1442 1443 1463 1462)
4(1462 1463 1483 1482)
4(1482 1483 1503 1502)
4(1502 1503 1523 1522)
4(1522 1523 1543 1542)
4(1542 1543 1563 1562)
4(1562 1563 1583 1582)
4(1582 1583 1603 1602)
4(1602 1603 1623 1622)
4(1622 1623 1643 1642)
4(1642 1643 1663 1662)
4(1662 1663 1683 1682)
4(1682 1683 1703 1702)
4(1303 1304 1324 1323)
4(1323 1324 1344 1343)
4(1343 1344 1364 1363)
4(1363 1364 1384 1383)
4(1383 1384 1404 1403)
4(1403 1404 1424 1423)
4(1423 1424 1444 1443)
4(1443 1444 1464 1463)
4(1463 1464 1484 1483)
4(1483 1484 1504 1503)
4(1503 1504 1524 1523)
4(1523 1524 1544 1543)
4(1543 1544 1564 1563)
4(1563 1564 1584 1583)
4(1583 1584 1604 1603)
4(1603 1604 1624 1623)
4(1623 1624 1644 1643)
4(1643 1644 1664 1663)
4(1663 1664 1684 1683)
4(1683 1684 1704 1703)
4(1304 1305 1325 1324)
4(1324 1325 1345 1344)
4(1344 1345 1365 1364)
4(1364 1365 1385 1384)
4(1384 1385 1405 1404)
4(1404 1405 1425 1424)
4(1424 1425 1445 1444)
4(1444 1445 1465 1464)
4(1464 1465 1485 1484)
4(1484 1485 1505 1504)
4(1504 1505 1525 1524)
4(1524 1525 1545 1544)
4(1544 1545 1565 1564)
4(1564 1565 1585 1584)
4(1584 1585 1605 1604)
4(1604 1605 1625 1624)
4(1624 1625 1645 1644)
4(1644 1645 1665 1664)
4(1664 1665 1685 1684)
4(1684 1685 1705 1704)
4(1305 1306 1326 1325)
4(1325 1326 1346 1345)
4(1345 1346 1366 1365)
4(1365 1366 1386 1385)
4(1385 1386 1406 1405)
4(1405 1406 1426 1425)
4(1425 1426 1446 1445)
4(1445 1446 1466 1465)
4(1465 1466 1486 1485)
4(1485 1486 1506 1505)
4(1505 1506 1526 1525)
4(1525 1526 1546 1545)
4(1545 1546 1566 1565)
4(1565 1566 1586 1585)
4(1585 1586 1606 1605)
4(1605 1606 1626 1625)
4(1625 1626 1646 1645)
4(1645 1646 1666 1665)
4(1665 1666 1686 1685)
4(1685 1686 1706 1705)
4(1306 1307 1327 1326)
4(1326 1327 1347 1346)
4(1346 1347 1367 1366)
4(1366 1367 1387 1386)
4(1386 1387 1407 1406)
4(1406 1407 1427 1426)
4(1426 1427 1447 1446)
4(1446 1447 1467 1466)
4(1466 1467 1487 1486)
4(1486 1487 1507 1506)
4(1506 1507 1527 1526)
4(1526 1527 1547 1546)
4(1546 1547 1567 1566)
4(1566 1567 1587 1586)
4(1586 1587 1607 1606)
4(1606 1607 1627 1626)
4(1626 1627 1647 1646)
4(1646 1647 1667 1666)
4(1666 1667 1687 1686)
4(1686 1687 1707 1706)
4(1307 1308 1328 1327)
4(1327 1328 1348 1347)
4(1347 1348 1368 1367)
4(1367 1368 1388 1387)
4(1387 1388 1408 1407)
4(1407 1408 1428 1427)
4(1427 1428 1448 1447)
4(1447 1448 1468 1467)
4(1467 1468 1488 1487)
4(1487 1488 1508 1507)
4(1507 1508 1528 1527)
4(1527 1528 1548 1547)
4(1547 1548 1568 1567)
4(1567 1568 1588 1587)
4(1587 1588 1608 1607)
4(1607 1608 1628 1627)
4(1627 1628 1648 1647)
4(1647 1648 1668 1667)
4(1667 1668 1688 1687)
4(1687 1688 1708 1707)
4(1308 1309 1329 1328)
4(1328 1329 1349 1348)
4(1348 1349 1369 1368)
4(1368 1369 1389 1388)
4(1388 1389 1409 1408)
4(1408 1409 1429 1428)
4(1428 1429 1449 1448)
4(1448 1449 1469 1468)
4(1468 1469 1489 1488)
4(1488 1489 1509 1508)
4(1508 1509 1529 1528)
4(1528 1529 1549 1548)
4(1548 1549 1569 1568)
4(1568 1569 1589 1588)
4(1588 1589 1609 1608)
4(1608 1609 1629 1628)
4(1628 1629 1649 1648)
4(1648 1649 1669 1668)
4(1668 1669 1689 1688)
4(1688 1689 1709 1708)
4(1309 1310 1330 1329)
4(1329 1330 1350 1349)
4(1349 1350 1370 1369)
4(1369 1370 1390 1389)
4(1389 1390 1410 1409)
4(1409 1410 1430 1429)
4(1429 1430 1450 1449)
4(1449 1450 1470 1469)
4(1469 1470 1490 1489)
4(1489 1490 1510 1509)
4(1509 1510 1530 1529)
4(1529 1530 1550 1549)
4(1549 1550 1570 1569)
4(1569 1570 1590 1589)
4(1589 1590 1610 1609)
4(1609 1610 1630 1629)
4(1629 1630 1650 1649)
4(1649 1650 1670 1669)
4(1669 1670 1690 1689)
4(1689 1690 1710 1709)
4(1310 1311 1331 1330)
4(1330 1331 1351 1350)
4(1350 1351 1371 1370)
4(1370 1371 1391 1390)
4(1390 1391 1411 1410)
4(1410 1411 1431 1430)
4(1430 1431 1451 1450)
4(1450 1451 1471 1470)
4(1470 1471 1491 1490)
4(1490 1491 1511 1510)
4(1510 1511 1531 1530)
4(1530 1531 1551 1550)
4(1550 1551 1571 1570)
4(1570 1571 1591 1590)
4(1590 1591 1611 1610)
4(1610 1611 1631 1630)
4(1630 1631 1651 1650)
4(1650 1651 1671 1670)
4(1670 1671 1691 1690)
4(1690 1691 1711 1710)
4(1311 1312 1332 1331)
4(1331 1332 1352 1351)
4(1351 1352 1372 1371)
4(1371 1372 1392 1391)
4(1391 1392 1412 1411)
4(1411 1412 1432 1431)
4(1431 1432 1452 1451)
4(1451 1452 1472 1471)
4(1471 1472 1492 1491)
4(1491 1492 1512 1511)
4(1511 1512 1532 1531)
4(1531 1532 1552 1551)
4(1551 1552 1572 1571)
4(1571 1572 1592 1591)
4(1591 1592 1612 1611)
4(1611 1612 1632 1631)
4(1631 1632 1652 1651)
4(1651 1652 1672 1671)
4(1671 1672 1692 1691)
4(1691 1692 1712 1711)
4(1312 1313 1333 1332)
4(1332 1333 1353 1352)
4(1352 1353 1373 1372)
4(1372 1373 1393 1392)
4(1392 1393 1413 1412)
4(1412 1413 1433 1432)
4(1432 1433 1453 1452)
4(1452 1453 1473 1472)
4(1472 1473 1493 1492)
4(1492 1493 1513 1512)
4(1512 1513 1533 1532)
4(1532 1533 1553 1552)
4(1552 1553 1573 1572)
4(1572 1573 1593 1592)
4(1592 1593 1613 1612)
4(1612 1613 1633 1632)
4(1632 1633 1653 1652)
4(1652 1653 1673 1672)
4(1672 1673 1693 1692)
4(1692 1693 1713 1712)
4(1313 1314 1334 1333)
4(1333 1334 1354 1353)
4(1353 1354 1374 1373)
4(1373 1374 1394 1393)
4(1393 1394 1414 1413)
4(1413 1414 1434 1433)
4(1433 1434 1454 1453)
4(1453 1454 1474 1473)
4(1473 1474 1494 1493)
4(1493 1494 1514 1513)
4(1513 1514 1534 1533)
4(1533 1534 1554 1553)
4(1553 1554 1574 1573)
4(1573 1574 1594 1593)
4(1593 1594 1614 1613)
4(1613 1614 1634 1633)
4(1633 1634 1654 1653)
4(1653 1654 1674 1673)
4(1673 1674 1694 1693)
4(1693 1694 1714 1713)
4(1314 1315 1335 1334)
4(1334 1335 1355 1354)
4(1354 1355 1375 1374)
4(1374 1375 1395 1394)
4(1394 1395 1415 1414)
4(1414 1415 1435 1434)
4(1434 1435 1455 1454)
4(1454 1455 1475 1474)
4(1474 1475 1495 1494)
4(1494 1495 1515 1514)
4(1514 1515 1535 1534)
4(1534 1535 1555 1554)
4(1554 1555 1575 1574)
4(1574 1575 1595 1594)
4(1594 1595 1615 1614)
4(1614 1615 1635 1634)
4(1634 1635 1655 1654)
4(1654 1655 1675 1674)
4(1674 1675 1695 1694)
4(1694 1695 1715 1714)
4(1315 1316 1336 1335)
4(1335 1336 1356 1355)
4(1355 1356 1376 1375)
4(1375 1376 1396 1395)
4(1395 1396 1416 1415)
4(1415 1416 1436 1435)
4(1435 1436 1456 1455)
4(1455 1456 1476 1475)
4(1475 1476 1496 1495)
4(1495 1496 1516 1515)
4(1515 1516 1536 1535)
4(1535 1536 1556 1555)
4(1555 1556 1576 1575)
4(1575 1576 1596 1595)
4(1595 1596 1616 1615)
4(1615 1616 1636 1635)
4(1635 1636 1656 1655)
4(1655 1656 1676 1675)
4(1675 1676 1696 1695)
4(1695 1696 1716 1715)
4(1316 1317 1337 1336)
4(1336 1337 1357 1356)
4(1356 1357 1377 1376)
4(1376 1377 1397 1396)
4(1396 1397 1417 1416)
4(1416 1417 1437 1436)
4(1436 1437 1457 1456)
4(1456 1457 1477 1476)
4(1476 1477 1497 1496)
4(1496 1497 1517 1516)
4(1516 1517 1537 1536)
4(1536 1537 1557 1556)
4(1556 1557 1577 1576)
4(1576 1577 1597 1596)
4(1596 1597 1617 1616)
4(1616 1617 1637 1636)
4(1636 1637 1657 1656)
4(1656 1657 1677 1676)
4(1676 1677 1697 1696)
4(1696 1697 1717 1716)
4(1317 1318 1338 1337)
4(1337 1338 1358 1357)
4(1357 1358 1378 1377)
4(1377 1378 1398 1397)
4(1397 1398 1418 1417)
4(1417 1418 1438 1437)
4(1437 1438 1458 1457)
4(1457 1458 1478 1477)
4(1477 1478 1498 1497)
4(1497 1498 1518 1517)
4(1517 1518 1538 1537)
4(1537 1538 1558 1557)
4(1557 1558 1578 1577)
4(1577 1578 1598 1597)
4(1597 1598 1618 1617)
4(1617 1618 1638 1637)
4(1637 1638 1658 1657)
4(1657 1658 1678 1677)
4(1677 1678 1698 1697)
4(1697 1698 1718 1717)
4(1318 1319 1339 1338)
4(1338 1339 1359 1358)
4(1358 1359 1379 1378)
4(1378 1379 1399 1398)
4(1398 1399 1419 1418)
4(1418 1419 1439 1438)
4(1438 1439 1459 1458)
4(1458 1459 1479 1478)
4(1478 1479 1499 1498)
4(1498 1499 1519 1518)
4(1518 1519 1539 1538)
4(1538 1539 1559 1558)
4(1558 1559 1579 1578)
4(1578 1579 1599 1598)
4(1598 1599 1619 1618)
4(1618 1619 1639 1638)
4(1638 1639 1659 1658)
4(1658 1659 1679 1678)
4(1678 1679 1699 1698)
4(1698 1699 1719 1718)
4(1319 1320 1340 1339)
4(1339 1340 1360 1359)
4(1359 1360 1380 1379)
4(1379 1380 1400 1399)
4(1399 1400 1420 1419)
4(1419 1420 1440 1439)
4(1439 1440 1460 1459)
4(1459 1460 1480 1479)
4(1479 1480 1500 1499)
4(1499 1500 1520 1519)
4(1519 1520 1540 1539)
4(1539 1540 1560 1559)
4(1559 1560 1580 1579)
4(1579 1580 1600 1599)
4(1599 1600 1620 1619)
4(1619 1620 1640 1639)
4(1639 1640 1660 1659)
4(1659 1660 1680 1679)
4(1679 1680 1700 1699)
4(1699 1700 1720 1719)
4(1320 1321 1341 1340)
4(1340 1341 1361 1360)
4(1360 1361 1381 1380)
4(1380 1381 1401 1400)
4(1400 1401 1421 1420)
4(1420 1421 1441 1440)
4(1440 1441 1461 1460)
4(1460 1461 1481 1480)
4(1480 1481 1501 1500)
4(1500 1501 1521 1520)
4(1520 1521 1541 1540)
4(1540 1541 1561 1560)
4(1560 1561 1581 1580)
4(1580 1581 1601 1600)
4(1600 1601 1621 1620)
4(1620 1621 1641 1640)
4(1640 1641 1661 1660)
4(1660 1661 1681 1680)
4(1680 1681 1701 1700)
4(1700 1701 1721 1720)
4(0 231 242 11)
4(11 242 253 22)
4(22 253 264 33)
4(33 264 275 44)
4(44 275 286 55)
4(55 286 297 66)
4(66 297 308 77)
4(77 308 319 88)
4(88 319 330 99)
4(99 330 341 110)
4(110 341 352 121)
4(121 352 363 132)
4(132 363 374 143)
4(143 374 385 154)
4(154 385 396 165)
4(165 396 407 176)
4(176 407 418 187)
4(187 418 429 198)
4(198 429 440 209)
4(209 440 451 220)
4(220 451 452 221)
4(221 452 453 222)
4(222 453 454 223)
4(223 454 455 224)
4(224 455 456 225)
4(225 456 457 226)
4(226 457 458 227)
4(227 458 459 228)
4(228 459 460 229)
4(229 460 461 230)
4(230 461 872 662)
4(662 872 873 663)
4(663 873 874 664)
4(664 874 875 665)
4(665 875 876 666)
4(666 876 877 667)
4(667 877 878 668)
4(668 878 879 669)
4(669 879 880 670)
4(670 880 881 671)
4(901 921 1341 1321)
4(921 941 1361 1341)
4(941 961 1381 1361)
4(961 981 1401 1381)
4(981 1001 1421 1401)
4(1001 1021 1441 1421)
4(1021 1041 1461 1441)
4(1041 1061 1481 1461)
4(1061 1081 1501 1481)
4(1081 1101 1521 1501)
4(1101 1121 1541 1521)
4(1121 1141 1561 1541)
4(1141 1161 1581 1561)
4(1161 1181 1601 1581)
4(1181 1201 1621 1601)
4(1201 1221 1641 1621)
4(1221 1241 1661 1641)
4(1241 1261 1681 1661)
4(1261 1281 1701 1681)
4(1281 1301 1721 1701)
4(671 881 1702 1282)
4(1282 1702 1703 1283)
4(1283 1703 1704 1284)
4(1284 1704 1705 1285)
4(1285 1705 1706 1286)
4(1286 1706 1707 1287)
4(1287 1707 1708 1288)
4(1288 1708 1709 1289)
4(1289 1709 1710 1290)
4(1290 1710 1711 1291)
4(1291 1711 1712 1292)
4(1292 1712 1713 1293)
4(1293 1713 1714 1294)
4(1294 1714 1715 1295)
4(1295 1715 1716 1296)
4(1296 1716 1717 1297)
4(1297 1717 1718 1298)
4(1298 1718 1719 1299)
4(1299 1719 1720 1300)
4(1300 1720 1721 1301)
)


// ************************************************************************* //
