/*--------------------------------*- C++ -*----------------------------------*\
| =========                 |                                                 |
| \\      /  F ield         | OpenFOAM: The Open Source CFD Toolbox           |
|  \\    /   O peration     | Version:  2.1.1                                 |
|   \\  /    A nd           | Web:      www.OpenFOAM.org                      |
|    \\/     M anipulation  |                                                 |
\*---------------------------------------------------------------------------*/
FoamFile
{
    version     2.0;
    format      ascii;
    class       vectorField;
    location    "constant/polyMesh";
    object      points;
}
// * * * * * * * * * * * * * * * * * * * * * * * * * * * * * * * * * * * * * //


882
(
(0 0 0)
(0.005 0 0)
(0.01 0 0)
(0.015 0 0)
(0.02 0 0)
(0.025 0 0)
(0.03 0 0)
(0.035 0 0)
(0.04 0 0)
(0.045 0 0)
(0.05 0 0)
(0.055 0 0)
(0.06 0 0)
(0.065 0 0)
(0.07 0 0)
(0.075 0 0)
(0.08 0 0)
(0.085 0 0)
(0.09 0 0)
(0.095 0 0)
(0.1 0 0)
(0.00353555 0.00353555 0)
(0.00853555 0.00353555 0)
(0.01353555 0.00353555 0)
(0.01853555 0.00353555 0)
(0.02353555 0.00353555 0)
(0.02853555 0.00353555 0)
(0.03353555 0.00353555 0)
(0.03853555 0.00353555 0)
(0.04353555 0.00353555 0)
(0.04853555 0.00353555 0)
(0.05353555 0.00353555 0)
(0.05853555 0.00353555 0)
(0.06353555 0.00353555 0)
(0.06853555 0.00353555 0)
(0.07353555 0.00353555 0)
(0.07853555 0.00353555 0)
(0.08353555 0.00353555 0)
(0.08853555 0.00353555 0)
(0.09353555 0.00353555 0)
(0.09853555 0.00353555 0)
(0.10353555 0.00353555 0)
(0.0070711 0.0070711 0)
(0.0120711 0.0070711 0)
(0.0170711 0.0070711 0)
(0.0220711 0.0070711 0)
(0.0270711 0.0070711 0)
(0.0320711 0.0070711 0)
(0.0370711 0.0070711 0)
(0.0420711 0.0070711 0)
(0.0470711 0.0070711 0)
(0.0520711 0.0070711 0)
(0.0570711 0.0070711 0)
(0.0620711 0.0070711 0)
(0.0670711 0.0070711 0)
(0.0720711 0.0070711 0)
(0.0770711 0.0070711 0)
(0.0820711 0.0070711 0)
(0.0870711 0.0070711 0)
(0.0920711 0.0070711 0)
(0.0970711 0.0070711 0)
(0.1020711 0.0070711 0)
(0.1070711 0.0070711 0)
(0.01060665 0.01060665 0)
(0.01560665 0.01060665 0)
(0.02060665 0.01060665 0)
(0.02560665 0.01060665 0)
(0.03060665 0.01060665 0)
(0.03560665 0.01060665 0)
(0.04060665 0.01060665 0)
(0.04560665 0.01060665 0)
(0.05060665 0.01060665 0)
(0.05560665 0.01060665 0)
(0.06060665 0.01060665 0)
(0.06560665 0.01060665 0)
(0.07060665 0.01060665 0)
(0.07560665 0.01060665 0)
(0.08060665 0.01060665 0)
(0.08560665 0.01060665 0)
(0.09060665 0.01060665 0)
(0.09560665 0.01060665 0)
(0.10060665 0.01060665 0)
(0.10560665 0.01060665 0)
(0.11060665 0.01060665 0)
(0.0141422 0.0141422 0)
(0.0191422 0.0141422 0)
(0.0241422 0.0141422 0)
(0.0291422 0.0141422 0)
(0.0341422 0.0141422 0)
(0.0391422 0.0141422 0)
(0.0441422 0.0141422 0)
(0.0491422 0.0141422 0)
(0.0541422 0.0141422 0)
(0.0591422 0.0141422 0)
(0.0641422 0.0141422 0)
(0.0691422 0.0141422 0)
(0.0741422 0.0141422 0)
(0.0791422 0.0141422 0)
(0.0841422 0.0141422 0)
(0.0891422 0.0141422 0)
(0.0941422 0.0141422 0)
(0.0991422 0.0141422 0)
(0.1041422 0.0141422 0)
(0.1091422 0.0141422 0)
(0.1141422 0.0141422 0)
(0.01767775 0.01767775 0)
(0.02267775 0.01767775 0)
(0.02767775 0.01767775 0)
(0.03267775 0.01767775 0)
(0.03767775 0.01767775 0)
(0.04267775 0.01767775 0)
(0.04767775 0.01767775 0)
(0.05267775 0.01767775 0)
(0.05767775 0.01767775 0)
(0.06267775 0.01767775 0)
(0.06767775 0.01767775 0)
(0.07267775 0.01767775 0)
(0.07767775 0.01767775 0)
(0.08267775 0.01767775 0)
(0.08767775 0.01767775 0)
(0.09267775 0.01767775 0)
(0.09767775 0.01767775 0)
(0.10267775 0.01767775 0)
(0.10767775 0.01767775 0)
(0.11267775 0.01767775 0)
(0.11767775 0.01767775 0)
(0.0212133 0.0212133 0)
(0.0262133 0.0212133 0)
(0.0312133 0.0212133 0)
(0.0362133 0.0212133 0)
(0.0412133 0.0212133 0)
(0.0462133 0.0212133 0)
(0.0512133 0.0212133 0)
(0.0562133 0.0212133 0)
(0.0612133 0.0212133 0)
(0.0662133 0.0212133 0)
(0.0712133 0.0212133 0)
(0.0762133 0.0212133 0)
(0.0812133 0.0212133 0)
(0.0862133 0.0212133 0)
(0.0912133 0.0212133 0)
(0.0962133 0.0212133 0)
(0.1012133 0.0212133 0)
(0.1062133 0.0212133 0)
(0.1112133 0.0212133 0)
(0.1162133 0.0212133 0)
(0.1212133 0.0212133 0)
(0.02474885 0.02474885 0)
(0.02974885 0.02474885 0)
(0.03474885 0.02474885 0)
(0.03974885 0.02474885 0)
(0.04474885 0.02474885 0)
(0.04974885 0.02474885 0)
(0.05474885 0.02474885 0)
(0.05974885 0.02474885 0)
(0.06474885 0.02474885 0)
(0.06974885 0.02474885 0)
(0.07474885 0.02474885 0)
(0.07974885 0.02474885 0)
(0.08474885 0.02474885 0)
(0.08974885 0.02474885 0)
(0.09474885 0.02474885 0)
(0.09974885 0.02474885 0)
(0.10474885 0.02474885 0)
(0.10974885 0.02474885 0)
(0.11474885 0.02474885 0)
(0.11974885 0.02474885 0)
(0.12474885 0.02474885 0)
(0.0282844 0.0282844 0)
(0.0332844 0.0282844 0)
(0.0382844 0.0282844 0)
(0.0432844 0.0282844 0)
(0.0482844 0.0282844 0)
(0.0532844 0.0282844 0)
(0.0582844 0.0282844 0)
(0.0632844 0.0282844 0)
(0.0682844 0.0282844 0)
(0.0732844 0.0282844 0)
(0.0782844 0.0282844 0)
(0.0832844 0.0282844 0)
(0.0882844 0.0282844 0)
(0.0932844 0.0282844 0)
(0.0982844 0.0282844 0)
(0.1032844 0.0282844 0)
(0.1082844 0.0282844 0)
(0.1132844 0.0282844 0)
(0.1182844 0.0282844 0)
(0.1232844 0.0282844 0)
(0.1282844 0.0282844 0)
(0.03181995 0.03181995 0)
(0.03681995 0.03181995 0)
(0.04181995 0.03181995 0)
(0.04681995 0.03181995 0)
(0.05181995 0.03181995 0)
(0.05681995 0.03181995 0)
(0.06181995 0.03181995 0)
(0.06681995 0.03181995 0)
(0.07181995 0.03181995 0)
(0.07681995 0.03181995 0)
(0.08181995 0.03181995 0)
(0.08681995 0.03181995 0)
(0.09181995 0.03181995 0)
(0.09681995 0.03181995 0)
(0.10181995 0.03181995 0)
(0.10681995 0.03181995 0)
(0.11181995 0.03181995 0)
(0.11681995 0.03181995 0)
(0.12181995 0.03181995 0)
(0.12681995 0.03181995 0)
(0.13181995 0.03181995 0)
(0.0353555 0.0353555 0)
(0.0403555 0.0353555 0)
(0.0453555 0.0353555 0)
(0.0503555 0.0353555 0)
(0.0553555 0.0353555 0)
(0.0603555 0.0353555 0)
(0.0653555 0.0353555 0)
(0.0703555 0.0353555 0)
(0.0753555 0.0353555 0)
(0.0803555 0.0353555 0)
(0.0853555 0.0353555 0)
(0.0903555 0.0353555 0)
(0.0953555 0.0353555 0)
(0.1003555 0.0353555 0)
(0.1053555 0.0353555 0)
(0.1103555 0.0353555 0)
(0.1153555 0.0353555 0)
(0.1203555 0.0353555 0)
(0.1253555 0.0353555 0)
(0.1303555 0.0353555 0)
(0.1353555 0.0353555 0)
(0.03889105 0.03889105 0)
(0.04389105 0.03889105 0)
(0.04889105 0.03889105 0)
(0.05389105 0.03889105 0)
(0.05889105 0.03889105 0)
(0.06389105 0.03889105 0)
(0.06889105 0.03889105 0)
(0.07389105 0.03889105 0)
(0.07889105 0.03889105 0)
(0.08389105 0.03889105 0)
(0.08889105 0.03889105 0)
(0.09389105 0.03889105 0)
(0.09889105 0.03889105 0)
(0.10389105 0.03889105 0)
(0.10889105 0.03889105 0)
(0.11389105 0.03889105 0)
(0.11889105 0.03889105 0)
(0.12389105 0.03889105 0)
(0.12889105 0.03889105 0)
(0.13389105 0.03889105 0)
(0.13889105 0.03889105 0)
(0.0424266 0.0424266 0)
(0.0474266 0.0424266 0)
(0.0524266 0.0424266 0)
(0.0574266 0.0424266 0)
(0.0624266 0.0424266 0)
(0.0674266 0.0424266 0)
(0.0724266 0.0424266 0)
(0.0774266 0.0424266 0)
(0.0824266 0.0424266 0)
(0.0874266 0.0424266 0)
(0.0924266 0.0424266 0)
(0.0974266 0.0424266 0)
(0.1024266 0.0424266 0)
(0.1074266 0.0424266 0)
(0.1124266 0.0424266 0)
(0.1174266 0.0424266 0)
(0.1224266 0.0424266 0)
(0.1274266 0.0424266 0)
(0.1324266 0.0424266 0)
(0.1374266 0.0424266 0)
(0.1424266 0.0424266 0)
(0.04596215 0.04596215 0)
(0.05096215 0.04596215 0)
(0.05596215 0.04596215 0)
(0.06096215 0.04596215 0)
(0.06596215 0.04596215 0)
(0.07096215 0.04596215 0)
(0.07596215 0.04596215 0)
(0.08096215 0.04596215 0)
(0.08596215 0.04596215 0)
(0.09096215 0.04596215 0)
(0.09596215 0.04596215 0)
(0.10096215 0.04596215 0)
(0.10596215 0.04596215 0)
(0.11096215 0.04596215 0)
(0.11596215 0.04596215 0)
(0.12096215 0.04596215 0)
(0.12596215 0.04596215 0)
(0.13096215 0.04596215 0)
(0.13596215 0.04596215 0)
(0.14096215 0.04596215 0)
(0.14596215 0.04596215 0)
(0.0494977 0.0494977 0)
(0.0544977 0.0494977 0)
(0.0594977 0.0494977 0)
(0.0644977 0.0494977 0)
(0.0694977 0.0494977 0)
(0.0744977 0.0494977 0)
(0.0794977 0.0494977 0)
(0.0844977 0.0494977 0)
(0.0894977 0.0494977 0)
(0.0944977 0.0494977 0)
(0.0994977 0.0494977 0)
(0.1044977 0.0494977 0)
(0.1094977 0.0494977 0)
(0.1144977 0.0494977 0)
(0.1194977 0.0494977 0)
(0.1244977 0.0494977 0)
(0.1294977 0.0494977 0)
(0.1344977 0.0494977 0)
(0.1394977 0.0494977 0)
(0.1444977 0.0494977 0)
(0.1494977 0.0494977 0)
(0.05303325 0.05303325 0)
(0.05803325 0.05303325 0)
(0.06303325 0.05303325 0)
(0.06803325 0.05303325 0)
(0.07303325 0.05303325 0)
(0.07803325 0.05303325 0)
(0.08303325 0.05303325 0)
(0.08803325 0.05303325 0)
(0.09303325 0.05303325 0)
(0.09803325 0.05303325 0)
(0.10303325 0.05303325 0)
(0.10803325 0.05303325 0)
(0.11303325 0.05303325 0)
(0.11803325 0.05303325 0)
(0.12303325 0.05303325 0)
(0.12803325 0.05303325 0)
(0.13303325 0.05303325 0)
(0.13803325 0.05303325 0)
(0.14303325 0.05303325 0)
(0.14803325 0.05303325 0)
(0.15303325 0.05303325 0)
(0.0565688 0.0565688 0)
(0.0615688 0.0565688 0)
(0.0665688 0.0565688 0)
(0.0715688 0.0565688 0)
(0.0765688 0.0565688 0)
(0.0815688 0.0565688 0)
(0.0865688 0.0565688 0)
(0.0915688 0.0565688 0)
(0.0965688 0.0565688 0)
(0.1015688 0.0565688 0)
(0.1065688 0.0565688 0)
(0.1115688 0.0565688 0)
(0.1165688 0.0565688 0)
(0.1215688 0.0565688 0)
(0.1265688 0.0565688 0)
(0.1315688 0.0565688 0)
(0.1365688 0.0565688 0)
(0.1415688 0.0565688 0)
(0.1465688 0.0565688 0)
(0.1515688 0.0565688 0)
(0.1565688 0.0565688 0)
(0.06010435 0.06010435 0)
(0.06510435 0.06010435 0)
(0.07010435 0.06010435 0)
(0.07510435 0.06010435 0)
(0.08010435 0.06010435 0)
(0.08510435 0.06010435 0)
(0.09010435 0.06010435 0)
(0.09510435 0.06010435 0)
(0.10010435 0.06010435 0)
(0.10510435 0.06010435 0)
(0.11010435 0.06010435 0)
(0.11510435 0.06010435 0)
(0.12010435 0.06010435 0)
(0.12510435 0.06010435 0)
(0.13010435 0.06010435 0)
(0.13510435 0.06010435 0)
(0.14010435 0.06010435 0)
(0.14510435 0.06010435 0)
(0.15010435 0.06010435 0)
(0.15510435 0.06010435 0)
(0.16010435 0.06010435 0)
(0.0636399 0.0636399 0)
(0.0686399 0.0636399 0)
(0.0736399 0.0636399 0)
(0.0786399 0.0636399 0)
(0.0836399 0.0636399 0)
(0.0886399 0.0636399 0)
(0.0936399 0.0636399 0)
(0.0986399 0.0636399 0)
(0.1036399 0.0636399 0)
(0.1086399 0.0636399 0)
(0.1136399 0.0636399 0)
(0.1186399 0.0636399 0)
(0.1236399 0.0636399 0)
(0.1286399 0.0636399 0)
(0.1336399 0.0636399 0)
(0.1386399 0.0636399 0)
(0.1436399 0.0636399 0)
(0.1486399 0.0636399 0)
(0.1536399 0.0636399 0)
(0.1586399 0.0636399 0)
(0.1636399 0.0636399 0)
(0.06717545 0.06717545 0)
(0.07217545 0.06717545 0)
(0.07717545 0.06717545 0)
(0.08217545 0.06717545 0)
(0.08717545 0.06717545 0)
(0.09217545 0.06717545 0)
(0.09717545 0.06717545 0)
(0.10217545 0.06717545 0)
(0.10717545 0.06717545 0)
(0.11217545 0.06717545 0)
(0.11717545 0.06717545 0)
(0.12217545 0.06717545 0)
(0.12717545 0.06717545 0)
(0.13217545 0.06717545 0)
(0.13717545 0.06717545 0)
(0.14217545 0.06717545 0)
(0.14717545 0.06717545 0)
(0.15217545 0.06717545 0)
(0.15717545 0.06717545 0)
(0.16217545 0.06717545 0)
(0.16717545 0.06717545 0)
(0.070711 0.070711 0)
(0.075711 0.070711 0)
(0.080711 0.070711 0)
(0.085711 0.070711 0)
(0.090711 0.070711 0)
(0.095711 0.070711 0)
(0.100711 0.070711 0)
(0.105711 0.070711 0)
(0.110711 0.070711 0)
(0.115711 0.070711 0)
(0.120711 0.070711 0)
(0.125711 0.070711 0)
(0.130711 0.070711 0)
(0.135711 0.070711 0)
(0.140711 0.070711 0)
(0.145711 0.070711 0)
(0.150711 0.070711 0)
(0.155711 0.070711 0)
(0.160711 0.070711 0)
(0.165711 0.070711 0)
(0.170711 0.070711 0)
(0 0 0.01)
(0.005 0 0.01)
(0.01 0 0.01)
(0.015 0 0.01)
(0.02 0 0.01)
(0.025 0 0.01)
(0.03 0 0.01)
(0.035 0 0.01)
(0.04 0 0.01)
(0.045 0 0.01)
(0.05 0 0.01)
(0.055 0 0.01)
(0.06 0 0.01)
(0.065 0 0.01)
(0.07 0 0.01)
(0.075 0 0.01)
(0.08 0 0.01)
(0.085 0 0.01)
(0.09 0 0.01)
(0.095 0 0.01)
(0.1 0 0.01)
(0.00353555 0.00353555 0.01)
(0.00853555 0.00353555 0.01)
(0.01353555 0.00353555 0.01)
(0.01853555 0.00353555 0.01)
(0.02353555 0.00353555 0.01)
(0.02853555 0.00353555 0.01)
(0.03353555 0.00353555 0.01)
(0.03853555 0.00353555 0.01)
(0.04353555 0.00353555 0.01)
(0.04853555 0.00353555 0.01)
(0.05353555 0.00353555 0.01)
(0.05853555 0.00353555 0.01)
(0.06353555 0.00353555 0.01)
(0.06853555 0.00353555 0.01)
(0.07353555 0.00353555 0.01)
(0.07853555 0.00353555 0.01)
(0.08353555 0.00353555 0.01)
(0.08853555 0.00353555 0.01)
(0.09353555 0.00353555 0.01)
(0.09853555 0.00353555 0.01)
(0.10353555 0.00353555 0.01)
(0.0070711 0.0070711 0.01)
(0.0120711 0.0070711 0.01)
(0.0170711 0.0070711 0.01)
(0.0220711 0.0070711 0.01)
(0.0270711 0.0070711 0.01)
(0.0320711 0.0070711 0.01)
(0.0370711 0.0070711 0.01)
(0.0420711 0.0070711 0.01)
(0.0470711 0.0070711 0.01)
(0.0520711 0.0070711 0.01)
(0.0570711 0.0070711 0.01)
(0.0620711 0.0070711 0.01)
(0.0670711 0.0070711 0.01)
(0.0720711 0.0070711 0.01)
(0.0770711 0.0070711 0.01)
(0.0820711 0.0070711 0.01)
(0.0870711 0.0070711 0.01)
(0.0920711 0.0070711 0.01)
(0.0970711 0.0070711 0.01)
(0.1020711 0.0070711 0.01)
(0.1070711 0.0070711 0.01)
(0.01060665 0.01060665 0.01)
(0.01560665 0.01060665 0.01)
(0.02060665 0.01060665 0.01)
(0.02560665 0.01060665 0.01)
(0.03060665 0.01060665 0.01)
(0.03560665 0.01060665 0.01)
(0.04060665 0.01060665 0.01)
(0.04560665 0.01060665 0.01)
(0.05060665 0.01060665 0.01)
(0.05560665 0.01060665 0.01)
(0.06060665 0.01060665 0.01)
(0.06560665 0.01060665 0.01)
(0.07060665 0.01060665 0.01)
(0.07560665 0.01060665 0.01)
(0.08060665 0.01060665 0.01)
(0.08560665 0.01060665 0.01)
(0.09060665 0.01060665 0.01)
(0.09560665 0.01060665 0.01)
(0.10060665 0.01060665 0.01)
(0.10560665 0.01060665 0.01)
(0.11060665 0.01060665 0.01)
(0.0141422 0.0141422 0.01)
(0.0191422 0.0141422 0.01)
(0.0241422 0.0141422 0.01)
(0.0291422 0.0141422 0.01)
(0.0341422 0.0141422 0.01)
(0.0391422 0.0141422 0.01)
(0.0441422 0.0141422 0.01)
(0.0491422 0.0141422 0.01)
(0.0541422 0.0141422 0.01)
(0.0591422 0.0141422 0.01)
(0.0641422 0.0141422 0.01)
(0.0691422 0.0141422 0.01)
(0.0741422 0.0141422 0.01)
(0.0791422 0.0141422 0.01)
(0.0841422 0.0141422 0.01)
(0.0891422 0.0141422 0.01)
(0.0941422 0.0141422 0.01)
(0.0991422 0.0141422 0.01)
(0.1041422 0.0141422 0.01)
(0.1091422 0.0141422 0.01)
(0.1141422 0.0141422 0.01)
(0.01767775 0.01767775 0.01)
(0.02267775 0.01767775 0.01)
(0.02767775 0.01767775 0.01)
(0.03267775 0.01767775 0.01)
(0.03767775 0.01767775 0.01)
(0.04267775 0.01767775 0.01)
(0.04767775 0.01767775 0.01)
(0.05267775 0.01767775 0.01)
(0.05767775 0.01767775 0.01)
(0.06267775 0.01767775 0.01)
(0.06767775 0.01767775 0.01)
(0.07267775 0.01767775 0.01)
(0.07767775 0.01767775 0.01)
(0.08267775 0.01767775 0.01)
(0.08767775 0.01767775 0.01)
(0.09267775 0.01767775 0.01)
(0.09767775 0.01767775 0.01)
(0.10267775 0.01767775 0.01)
(0.10767775 0.01767775 0.01)
(0.11267775 0.01767775 0.01)
(0.11767775 0.01767775 0.01)
(0.0212133 0.0212133 0.01)
(0.0262133 0.0212133 0.01)
(0.0312133 0.0212133 0.01)
(0.0362133 0.0212133 0.01)
(0.0412133 0.0212133 0.01)
(0.0462133 0.0212133 0.01)
(0.0512133 0.0212133 0.01)
(0.0562133 0.0212133 0.01)
(0.0612133 0.0212133 0.01)
(0.0662133 0.0212133 0.01)
(0.0712133 0.0212133 0.01)
(0.0762133 0.0212133 0.01)
(0.0812133 0.0212133 0.01)
(0.0862133 0.0212133 0.01)
(0.0912133 0.0212133 0.01)
(0.0962133 0.0212133 0.01)
(0.1012133 0.0212133 0.01)
(0.1062133 0.0212133 0.01)
(0.1112133 0.0212133 0.01)
(0.1162133 0.0212133 0.01)
(0.1212133 0.0212133 0.01)
(0.02474885 0.02474885 0.01)
(0.02974885 0.02474885 0.01)
(0.03474885 0.02474885 0.01)
(0.03974885 0.02474885 0.01)
(0.04474885 0.02474885 0.01)
(0.04974885 0.02474885 0.01)
(0.05474885 0.02474885 0.01)
(0.05974885 0.02474885 0.01)
(0.06474885 0.02474885 0.01)
(0.06974885 0.02474885 0.01)
(0.07474885 0.02474885 0.01)
(0.07974885 0.02474885 0.01)
(0.08474885 0.02474885 0.01)
(0.08974885 0.02474885 0.01)
(0.09474885 0.02474885 0.01)
(0.09974885 0.02474885 0.01)
(0.10474885 0.02474885 0.01)
(0.10974885 0.02474885 0.01)
(0.11474885 0.02474885 0.01)
(0.11974885 0.02474885 0.01)
(0.12474885 0.02474885 0.01)
(0.0282844 0.0282844 0.01)
(0.0332844 0.0282844 0.01)
(0.0382844 0.0282844 0.01)
(0.0432844 0.0282844 0.01)
(0.0482844 0.0282844 0.01)
(0.0532844 0.0282844 0.01)
(0.0582844 0.0282844 0.01)
(0.0632844 0.0282844 0.01)
(0.0682844 0.0282844 0.01)
(0.0732844 0.0282844 0.01)
(0.0782844 0.0282844 0.01)
(0.0832844 0.0282844 0.01)
(0.0882844 0.0282844 0.01)
(0.0932844 0.0282844 0.01)
(0.0982844 0.0282844 0.01)
(0.1032844 0.0282844 0.01)
(0.1082844 0.0282844 0.01)
(0.1132844 0.0282844 0.01)
(0.1182844 0.0282844 0.01)
(0.1232844 0.0282844 0.01)
(0.1282844 0.0282844 0.01)
(0.03181995 0.03181995 0.01)
(0.03681995 0.03181995 0.01)
(0.04181995 0.03181995 0.01)
(0.04681995 0.03181995 0.01)
(0.05181995 0.03181995 0.01)
(0.05681995 0.03181995 0.01)
(0.06181995 0.03181995 0.01)
(0.06681995 0.03181995 0.01)
(0.07181995 0.03181995 0.01)
(0.07681995 0.03181995 0.01)
(0.08181995 0.03181995 0.01)
(0.08681995 0.03181995 0.01)
(0.09181995 0.03181995 0.01)
(0.09681995 0.03181995 0.01)
(0.10181995 0.03181995 0.01)
(0.10681995 0.03181995 0.01)
(0.11181995 0.03181995 0.01)
(0.11681995 0.03181995 0.01)
(0.12181995 0.03181995 0.01)
(0.12681995 0.03181995 0.01)
(0.13181995 0.03181995 0.01)
(0.0353555 0.0353555 0.01)
(0.0403555 0.0353555 0.01)
(0.0453555 0.0353555 0.01)
(0.0503555 0.0353555 0.01)
(0.0553555 0.0353555 0.01)
(0.0603555 0.0353555 0.01)
(0.0653555 0.0353555 0.01)
(0.0703555 0.0353555 0.01)
(0.0753555 0.0353555 0.01)
(0.0803555 0.0353555 0.01)
(0.0853555 0.0353555 0.01)
(0.0903555 0.0353555 0.01)
(0.0953555 0.0353555 0.01)
(0.1003555 0.0353555 0.01)
(0.1053555 0.0353555 0.01)
(0.1103555 0.0353555 0.01)
(0.1153555 0.0353555 0.01)
(0.1203555 0.0353555 0.01)
(0.1253555 0.0353555 0.01)
(0.1303555 0.0353555 0.01)
(0.1353555 0.0353555 0.01)
(0.03889105 0.03889105 0.01)
(0.04389105 0.03889105 0.01)
(0.04889105 0.03889105 0.01)
(0.05389105 0.03889105 0.01)
(0.05889105 0.03889105 0.01)
(0.06389105 0.03889105 0.01)
(0.06889105 0.03889105 0.01)
(0.07389105 0.03889105 0.01)
(0.07889105 0.03889105 0.01)
(0.08389105 0.03889105 0.01)
(0.08889105 0.03889105 0.01)
(0.09389105 0.03889105 0.01)
(0.09889105 0.03889105 0.01)
(0.10389105 0.03889105 0.01)
(0.10889105 0.03889105 0.01)
(0.11389105 0.03889105 0.01)
(0.11889105 0.03889105 0.01)
(0.12389105 0.03889105 0.01)
(0.12889105 0.03889105 0.01)
(0.13389105 0.03889105 0.01)
(0.13889105 0.03889105 0.01)
(0.0424266 0.0424266 0.01)
(0.0474266 0.0424266 0.01)
(0.0524266 0.0424266 0.01)
(0.0574266 0.0424266 0.01)
(0.0624266 0.0424266 0.01)
(0.0674266 0.0424266 0.01)
(0.0724266 0.0424266 0.01)
(0.0774266 0.0424266 0.01)
(0.0824266 0.0424266 0.01)
(0.0874266 0.0424266 0.01)
(0.0924266 0.0424266 0.01)
(0.0974266 0.0424266 0.01)
(0.1024266 0.0424266 0.01)
(0.1074266 0.0424266 0.01)
(0.1124266 0.0424266 0.01)
(0.1174266 0.0424266 0.01)
(0.1224266 0.0424266 0.01)
(0.1274266 0.0424266 0.01)
(0.1324266 0.0424266 0.01)
(0.1374266 0.0424266 0.01)
(0.1424266 0.0424266 0.01)
(0.04596215 0.04596215 0.01)
(0.05096215 0.04596215 0.01)
(0.05596215 0.04596215 0.01)
(0.06096215 0.04596215 0.01)
(0.06596215 0.04596215 0.01)
(0.07096215 0.04596215 0.01)
(0.07596215 0.04596215 0.01)
(0.08096215 0.04596215 0.01)
(0.08596215 0.04596215 0.01)
(0.09096215 0.04596215 0.01)
(0.09596215 0.04596215 0.01)
(0.10096215 0.04596215 0.01)
(0.10596215 0.04596215 0.01)
(0.11096215 0.04596215 0.01)
(0.11596215 0.04596215 0.01)
(0.12096215 0.04596215 0.01)
(0.12596215 0.04596215 0.01)
(0.13096215 0.04596215 0.01)
(0.13596215 0.04596215 0.01)
(0.14096215 0.04596215 0.01)
(0.14596215 0.04596215 0.01)
(0.0494977 0.0494977 0.01)
(0.0544977 0.0494977 0.01)
(0.0594977 0.0494977 0.01)
(0.0644977 0.0494977 0.01)
(0.0694977 0.0494977 0.01)
(0.0744977 0.0494977 0.01)
(0.0794977 0.0494977 0.01)
(0.0844977 0.0494977 0.01)
(0.0894977 0.0494977 0.01)
(0.0944977 0.0494977 0.01)
(0.0994977 0.0494977 0.01)
(0.1044977 0.0494977 0.01)
(0.1094977 0.0494977 0.01)
(0.1144977 0.0494977 0.01)
(0.1194977 0.0494977 0.01)
(0.1244977 0.0494977 0.01)
(0.1294977 0.0494977 0.01)
(0.1344977 0.0494977 0.01)
(0.1394977 0.0494977 0.01)
(0.1444977 0.0494977 0.01)
(0.1494977 0.0494977 0.01)
(0.05303325 0.05303325 0.01)
(0.05803325 0.05303325 0.01)
(0.06303325 0.05303325 0.01)
(0.06803325 0.05303325 0.01)
(0.07303325 0.05303325 0.01)
(0.07803325 0.05303325 0.01)
(0.08303325 0.05303325 0.01)
(0.08803325 0.05303325 0.01)
(0.09303325 0.05303325 0.01)
(0.09803325 0.05303325 0.01)
(0.10303325 0.05303325 0.01)
(0.10803325 0.05303325 0.01)
(0.11303325 0.05303325 0.01)
(0.11803325 0.05303325 0.01)
(0.12303325 0.05303325 0.01)
(0.12803325 0.05303325 0.01)
(0.13303325 0.05303325 0.01)
(0.13803325 0.05303325 0.01)
(0.14303325 0.05303325 0.01)
(0.14803325 0.05303325 0.01)
(0.15303325 0.05303325 0.01)
(0.0565688 0.0565688 0.01)
(0.0615688 0.0565688 0.01)
(0.0665688 0.0565688 0.01)
(0.0715688 0.0565688 0.01)
(0.0765688 0.0565688 0.01)
(0.0815688 0.0565688 0.01)
(0.0865688 0.0565688 0.01)
(0.0915688 0.0565688 0.01)
(0.0965688 0.0565688 0.01)
(0.1015688 0.0565688 0.01)
(0.1065688 0.0565688 0.01)
(0.1115688 0.0565688 0.01)
(0.1165688 0.0565688 0.01)
(0.1215688 0.0565688 0.01)
(0.1265688 0.0565688 0.01)
(0.1315688 0.0565688 0.01)
(0.1365688 0.0565688 0.01)
(0.1415688 0.0565688 0.01)
(0.1465688 0.0565688 0.01)
(0.1515688 0.0565688 0.01)
(0.1565688 0.0565688 0.01)
(0.06010435 0.06010435 0.01)
(0.06510435 0.06010435 0.01)
(0.07010435 0.06010435 0.01)
(0.07510435 0.06010435 0.01)
(0.08010435 0.06010435 0.01)
(0.08510435 0.06010435 0.01)
(0.09010435 0.06010435 0.01)
(0.09510435 0.06010435 0.01)
(0.10010435 0.06010435 0.01)
(0.10510435 0.06010435 0.01)
(0.11010435 0.06010435 0.01)
(0.11510435 0.06010435 0.01)
(0.12010435 0.06010435 0.01)
(0.12510435 0.06010435 0.01)
(0.13010435 0.06010435 0.01)
(0.13510435 0.06010435 0.01)
(0.14010435 0.06010435 0.01)
(0.14510435 0.06010435 0.01)
(0.15010435 0.06010435 0.01)
(0.15510435 0.06010435 0.01)
(0.16010435 0.06010435 0.01)
(0.0636399 0.0636399 0.01)
(0.0686399 0.0636399 0.01)
(0.0736399 0.0636399 0.01)
(0.0786399 0.0636399 0.01)
(0.0836399 0.0636399 0.01)
(0.0886399 0.0636399 0.01)
(0.0936399 0.0636399 0.01)
(0.0986399 0.0636399 0.01)
(0.1036399 0.0636399 0.01)
(0.1086399 0.0636399 0.01)
(0.1136399 0.0636399 0.01)
(0.1186399 0.0636399 0.01)
(0.1236399 0.0636399 0.01)
(0.1286399 0.0636399 0.01)
(0.1336399 0.0636399 0.01)
(0.1386399 0.0636399 0.01)
(0.1436399 0.0636399 0.01)
(0.1486399 0.0636399 0.01)
(0.1536399 0.0636399 0.01)
(0.1586399 0.0636399 0.01)
(0.1636399 0.0636399 0.01)
(0.06717545 0.06717545 0.01)
(0.07217545 0.06717545 0.01)
(0.07717545 0.06717545 0.01)
(0.08217545 0.06717545 0.01)
(0.08717545 0.06717545 0.01)
(0.09217545 0.06717545 0.01)
(0.09717545 0.06717545 0.01)
(0.10217545 0.06717545 0.01)
(0.10717545 0.06717545 0.01)
(0.11217545 0.06717545 0.01)
(0.11717545 0.06717545 0.01)
(0.12217545 0.06717545 0.01)
(0.12717545 0.06717545 0.01)
(0.13217545 0.06717545 0.01)
(0.13717545 0.06717545 0.01)
(0.14217545 0.06717545 0.01)
(0.14717545 0.06717545 0.01)
(0.15217545 0.06717545 0.01)
(0.15717545 0.06717545 0.01)
(0.16217545 0.06717545 0.01)
(0.16717545 0.06717545 0.01)
(0.070711 0.070711 0.01)
(0.075711 0.070711 0.01)
(0.080711 0.070711 0.01)
(0.085711 0.070711 0.01)
(0.090711 0.070711 0.01)
(0.095711 0.070711 0.01)
(0.100711 0.070711 0.01)
(0.105711 0.070711 0.01)
(0.110711 0.070711 0.01)
(0.115711 0.070711 0.01)
(0.120711 0.070711 0.01)
(0.125711 0.070711 0.01)
(0.130711 0.070711 0.01)
(0.135711 0.070711 0.01)
(0.140711 0.070711 0.01)
(0.145711 0.070711 0.01)
(0.150711 0.070711 0.01)
(0.155711 0.070711 0.01)
(0.160711 0.070711 0.01)
(0.165711 0.070711 0.01)
(0.170711 0.070711 0.01)
)


// ************************************************************************* //
